500 1000
0 61
0 98
0 374
0 443
1 166
1 208
1 361
1 422
2 67
2 145
2 430
2 465
3 123
3 126
3 201
3 481
4 26
4 110
4 112
4 363
5 12
5 99
5 173
5 313
6 135
6 200
6 210
6 488
7 309
7 343
7 351
7 456
8 183
8 223
8 233
8 278
9 152
9 282
9 408
9 492
10 96
10 239
10 396
10 463
11 231
11 293
11 327
11 423
12 99
12 173
12 313
13 105
13 245
13 250
13 412
14 21
14 81
14 472
14 480
15 17
15 29
15 246
15 338
16 79
16 187
16 336
16 440
17 29
17 246
17 338
18 216
18 382
18 425
18 438
19 80
19 161
19 342
19 403
20 50
20 124
20 197
20 326
21 81
21 472
21 480
22 195
22 205
22 352
22 469
23 192
23 218
23 238
23 346
24 151
24 229
24 279
24 450
25 51
25 77
25 241
25 393
26 110
26 112
26 363
27 33
27 295
27 391
27 433
28 43
28 78
28 414
28 449
29 246
29 338
30 128
30 153
30 415
30 439
31 283
31 347
31 373
31 498
32 83
32 97
32 424
32 427
33 295
33 391
33 433
34 41
34 113
34 377
34 407
35 141
35 381
35 446
35 454
36 149
36 349
36 369
36 478
37 155
37 266
37 274
37 397
38 71
38 82
38 184
38 475
39 52
39 167
39 339
39 476
40 53
40 284
40 325
40 357
41 113
41 377
41 407
42 63
42 90
42 157
42 243
43 78
43 414
43 449
44 190
44 211
44 222
44 253
45 102
45 331
45 376
45 434
46 120
46 305
46 462
46 499
47 54
47 133
47 280
47 419
48 109
48 240
48 320
48 385
49 129
49 144
49 359
49 389
50 124
50 197
50 326
51 77
51 241
51 393
52 167
52 339
52 476
53 284
53 325
53 357
54 133
54 280
54 419
55 202
55 372
55 411
55 437
56 176
56 265
56 458
56 482
57 121
57 169
57 362
57 399
58 95
58 140
58 288
58 445
59 91
59 207
59 375
59 464
60 172
60 247
60 348
60 483
61 98
61 374
61 443
62 103
62 317
62 321
62 410
63 90
63 157
63 243
64 146
64 296
64 303
64 477
65 171
65 308
65 337
65 413
66 89
66 143
66 177
66 335
67 145
67 430
67 465
68 76
68 136
68 221
68 281
69 150
69 162
69 258
69 490
70 88
70 236
70 269
70 344
71 82
71 184
71 475
72 286
72 287
72 341
72 420
73 298
73 328
73 442
73 497
74 131
74 159
74 170
74 310
75 107
75 117
75 122
75 366
76 136
76 221
76 281
77 241
77 393
78 414
78 449
79 187
79 336
79 440
80 161
80 342
80 403
81 472
81 480
82 184
82 475
83 97
83 424
83 427
84 227
84 270
84 354
84 398
85 93
85 203
85 333
85 368
86 181
86 268
86 387
86 494
87 255
87 358
87 431
87 471
88 236
88 269
88 344
89 143
89 177
89 335
90 157
90 243
91 207
91 375
91 464
92 94
92 196
92 302
92 386
93 203
93 333
93 368
94 196
94 302
94 386
95 140
95 288
95 445
96 239
96 396
96 463
97 424
97 427
98 374
98 443
99 173
99 313
100 108
100 132
100 180
100 436
101 116
101 214
101 215
101 332
102 331
102 376
102 434
103 317
103 321
103 410
104 178
104 235
104 306
104 487
105 245
105 250
105 412
106 165
106 175
106 312
106 395
107 117
107 122
107 366
108 132
108 180
108 436
109 240
109 320
109 385
110 112
110 363
111 142
111 179
111 292
111 441
112 363
113 377
113 407
114 232
114 271
114 383
114 453
115 182
115 259
115 261
115 340
116 214
116 215
116 332
117 122
117 366
118 193
118 194
118 392
118 401
119 230
119 251
119 263
119 316
120 305
120 462
120 499
121 169
121 362
121 399
122 366
123 126
123 201
123 481
124 197
124 326
125 248
125 315
125 390
125 394
126 201
126 481
127 160
127 322
127 353
127 371
128 153
128 415
128 439
129 144
129 359
129 389
130 226
130 319
130 364
130 378
131 159
131 170
131 310
132 180
132 436
133 280
133 419
134 256
134 260
134 404
134 455
135 200
135 210
135 488
136 221
136 281
137 212
137 402
137 418
137 484
138 168
138 174
138 311
138 474
139 164
139 185
139 219
139 457
140 288
140 445
141 381
141 446
141 454
142 179
142 292
142 441
143 177
143 335
144 359
144 389
145 430
145 465
146 296
146 303
146 477
147 158
147 220
147 290
147 409
148 318
148 384
148 388
148 416
149 349
149 369
149 478
150 162
150 258
150 490
151 229
151 279
151 450
152 282
152 408
152 492
153 415
153 439
154 213
154 228
154 272
154 466
155 266
155 274
155 397
156 224
156 252
156 345
156 461
157 243
158 220
158 290
158 409
159 170
159 310
160 322
160 353
160 371
161 342
161 403
162 258
162 490
163 334
163 417
163 467
163 479
164 185
164 219
164 457
165 175
165 312
165 395
166 208
166 361
166 422
167 339
167 476
168 174
168 311
168 474
169 362
169 399
170 310
171 308
171 337
171 413
172 247
172 348
172 483
173 313
174 311
174 474
175 312
175 395
176 265
176 458
176 482
177 335
178 235
178 306
178 487
179 292
179 441
180 436
181 268
181 387
181 494
182 259
182 261
182 340
183 223
183 233
183 278
184 475
185 219
185 457
186 267
186 291
186 435
186 493
187 336
187 440
188 276
188 400
188 421
188 495
189 307
189 329
189 426
189 470
190 211
190 222
190 253
191 249
191 447
191 473
191 496
192 218
192 238
192 346
193 194
193 392
193 401
194 392
194 401
195 205
195 352
195 469
196 302
196 386
197 326
198 297
198 314
198 380
198 468
199 204
199 285
199 323
199 405
200 210
200 488
201 481
202 372
202 411
202 437
203 333
203 368
204 285
204 323
204 405
205 352
205 469
206 234
206 257
206 299
206 459
207 375
207 464
208 361
208 422
209 262
209 289
209 428
209 486
210 488
211 222
211 253
212 402
212 418
212 484
213 228
213 272
213 466
214 215
214 332
215 332
216 382
216 425
216 438
217 237
217 244
217 264
217 451
218 238
218 346
219 457
220 290
220 409
221 281
222 253
223 233
223 278
224 252
224 345
224 461
225 330
225 356
225 406
225 485
226 319
226 364
226 378
227 270
227 354
227 398
228 272
228 466
229 279
229 450
230 251
230 263
230 316
231 293
231 327
231 423
232 271
232 383
232 453
233 278
234 257
234 299
234 459
235 306
235 487
236 269
236 344
237 244
237 264
237 451
238 346
239 396
239 463
240 320
240 385
241 393
242 273
242 277
242 350
242 448
244 264
244 451
245 250
245 412
246 338
247 348
247 483
248 315
248 390
248 394
249 447
249 473
249 496
250 412
251 263
251 316
252 345
252 461
254 300
254 301
254 365
254 432
255 358
255 431
255 471
256 260
256 404
256 455
257 299
257 459
258 490
259 261
259 340
260 404
260 455
261 340
262 289
262 428
262 486
263 316
264 451
265 458
265 482
266 274
266 397
267 291
267 435
267 493
268 387
268 494
269 344
270 354
270 398
271 383
271 453
272 466
273 277
273 350
273 448
274 397
275 304
275 355
275 360
275 452
276 400
276 421
276 495
277 350
277 448
279 450
280 419
282 408
282 492
283 347
283 373
283 498
284 325
284 357
285 323
285 405
286 287
286 341
286 420
287 341
287 420
288 445
289 428
289 486
290 409
291 435
291 493
292 441
293 327
293 423
294 324
294 379
294 429
294 489
295 391
295 433
296 303
296 477
297 314
297 380
297 468
298 328
298 442
298 497
299 459
300 301
300 365
300 432
301 365
301 432
302 386
303 477
304 355
304 360
304 452
305 462
305 499
306 487
307 329
307 426
307 470
308 337
308 413
309 343
309 351
309 456
311 474
312 395
314 380
314 468
315 390
315 394
317 321
317 410
318 384
318 388
318 416
319 364
319 378
320 385
321 410
322 353
322 371
323 405
324 379
324 429
324 489
325 357
327 423
328 442
328 497
329 426
329 470
330 356
330 406
330 485
331 376
331 434
333 368
334 417
334 467
334 479
336 440
337 413
339 476
341 420
342 403
343 351
343 456
345 461
347 373
347 498
348 483
349 369
349 478
350 448
351 456
352 469
353 371
354 398
355 360
355 452
356 406
356 485
358 431
358 471
359 389
360 452
361 422
362 399
364 378
365 432
367 370
367 444
367 460
367 491
369 478
370 444
370 460
370 491
372 411
372 437
373 498
374 443
375 464
376 434
377 407
379 429
379 489
380 468
381 446
381 454
382 425
382 438
383 453
384 388
384 416
387 494
388 416
390 394
391 433
392 401
396 463
400 421
400 495
402 418
402 484
404 455
406 485
408 492
411 437
414 449
415 439
417 467
417 479
418 484
421 495
424 427
425 438
426 470
428 486
429 489
430 465
431 471
435 493
442 497
444 460
444 491
446 454
447 473
447 496
458 482
460 491
462 499
467 479
472 480
473 496
