1500 10500
0 178
0 185
0 219
0 232
0 376
0 425
0 666
0 795
0 929
0 939
0 1029
0 1063
0 1214
0 1222
1 32
1 211
1 264
1 322
1 342
1 359
1 502
1 520
1 571
1 742
1 759
1 790
1 1139
1 1362
2 150
2 160
2 223
2 265
2 351
2 381
2 509
2 608
2 695
2 733
2 750
2 995
2 1076
2 1245
3 73
3 76
3 89
3 151
3 230
3 568
3 738
3 764
3 899
3 1081
3 1124
3 1137
3 1146
3 1418
4 55
4 269
4 446
4 531
4 603
4 888
4 905
4 958
4 1098
4 1114
4 1132
4 1158
4 1234
4 1255
5 49
5 284
5 468
5 492
5 526
5 598
5 661
5 692
5 773
5 1079
5 1169
5 1174
5 1320
5 1431
6 12
6 83
6 319
6 452
6 617
6 778
6 893
6 1024
6 1040
6 1099
6 1295
6 1312
6 1332
6 1373
7 29
7 43
7 126
7 332
7 338
7 392
7 412
7 448
7 455
7 535
7 1059
7 1257
7 1402
7 1427
8 180
8 248
8 292
8 310
8 511
8 697
8 794
8 990
8 1060
8 1096
8 1190
8 1273
8 1291
8 1433
9 116
9 136
9 206
9 241
9 537
9 611
9 741
9 941
9 1104
9 1106
9 1184
9 1316
9 1367
9 1456
10 67
10 135
10 152
10 252
10 441
10 466
10 544
10 877
10 892
10 904
10 931
10 940
10 1240
10 1278
11 138
11 316
11 436
11 463
11 593
11 594
11 630
11 685
11 729
11 815
11 1173
11 1185
11 1307
11 1397
12 83
12 319
12 452
12 617
12 778
12 893
12 1024
12 1040
12 1099
12 1295
12 1312
12 1332
12 1373
13 45
13 172
13 270
13 462
13 552
13 655
13 803
13 917
13 984
13 999
13 1048
13 1118
13 1401
13 1490
14 41
14 192
14 218
14 393
14 400
14 541
14 653
14 821
14 955
14 1203
14 1259
14 1442
14 1477
14 1481
15 97
15 383
15 451
15 515
15 948
15 962
15 998
15 1097
15 1163
15 1249
15 1260
15 1337
15 1383
15 1485
16 170
16 255
16 315
16 916
16 944
16 986
16 1061
16 1068
16 1225
16 1237
16 1342
16 1349
16 1386
16 1430
17 155
17 186
17 245
17 247
17 290
17 347
17 368
17 430
17 580
17 668
17 915
17 1314
17 1317
17 1343
18 48
18 124
18 228
18 423
18 559
18 748
18 881
18 1028
18 1141
18 1160
18 1206
18 1355
18 1363
18 1493
19 139
19 193
19 280
19 477
19 596
19 634
19 644
19 716
19 919
19 1003
19 1084
19 1263
19 1377
19 1395
20 86
20 122
20 153
20 542
20 590
20 673
20 779
20 1039
20 1261
20 1275
20 1400
20 1406
20 1450
20 1454
21 234
21 267
21 378
21 457
21 626
21 681
21 691
21 810
21 930
21 954
21 1000
21 1244
21 1357
21 1412
22 128
22 237
22 357
22 679
22 694
22 817
22 884
22 960
22 980
22 1144
22 1227
22 1480
22 1482
22 1492
23 62
23 278
23 321
23 445
23 555
23 565
23 701
23 743
23 837
23 924
23 992
23 1030
23 1306
23 1440
24 229
24 242
24 297
24 562
24 690
24 845
24 1012
24 1047
24 1149
24 1188
24 1438
24 1462
24 1488
24 1489
25 358
25 413
25 476
25 514
25 554
25 680
25 689
25 737
25 855
25 1046
25 1102
25 1157
25 1288
25 1345
26 37
26 38
26 133
26 161
26 215
26 364
26 534
26 783
26 851
26 871
26 953
26 982
26 1071
26 1220
27 30
27 33
27 68
27 275
27 296
27 355
27 585
27 869
27 972
27 1036
27 1038
27 1179
27 1181
27 1274
28 330
28 424
28 631
28 645
28 650
28 710
28 723
28 724
28 844
28 894
28 1016
28 1131
28 1147
28 1219
29 43
29 126
29 332
29 338
29 392
29 412
29 448
29 455
29 535
29 1059
29 1257
29 1402
29 1427
30 33
30 68
30 275
30 296
30 355
30 585
30 869
30 972
30 1036
30 1038
30 1179
30 1181
30 1274
31 96
31 100
31 111
31 113
31 145
31 243
31 328
31 390
31 548
31 629
31 1043
31 1189
31 1352
31 1437
32 211
32 264
32 322
32 342
32 359
32 502
32 520
32 571
32 742
32 759
32 790
32 1139
32 1362
33 68
33 275
33 296
33 355
33 585
33 869
33 972
33 1036
33 1038
33 1179
33 1181
33 1274
34 93
34 244
34 308
34 336
34 395
34 414
34 660
34 714
34 746
34 900
34 964
34 1239
34 1324
34 1385
35 142
35 246
35 341
35 654
35 776
35 826
35 836
35 1008
35 1088
35 1256
35 1270
35 1272
35 1359
35 1409
36 285
36 699
36 852
36 854
36 862
36 996
36 1001
36 1037
36 1044
36 1142
36 1187
36 1253
36 1297
36 1313
37 38
37 133
37 161
37 215
37 364
37 534
37 783
37 851
37 871
37 953
37 982
37 1071
37 1220
38 133
38 161
38 215
38 364
38 534
38 783
38 851
38 871
38 953
38 982
38 1071
38 1220
39 94
39 112
39 200
39 251
39 288
39 377
39 389
39 672
39 721
39 912
39 1252
39 1294
39 1360
39 1379
40 63
40 90
40 110
40 391
40 527
40 616
40 662
40 682
40 772
40 1020
40 1207
40 1277
40 1364
40 1369
41 192
41 218
41 393
41 400
41 541
41 653
41 821
41 955
41 1203
41 1259
41 1442
41 1477
41 1481
42 123
42 149
42 231
42 268
42 277
42 298
42 302
42 380
42 482
42 601
42 1027
42 1050
42 1072
42 1199
43 126
43 332
43 338
43 392
43 412
43 448
43 455
43 535
43 1059
43 1257
43 1402
43 1427
44 156
44 181
44 538
44 882
44 922
44 966
44 981
44 1064
44 1216
44 1226
44 1300
44 1347
44 1358
44 1421
45 172
45 270
45 462
45 552
45 655
45 803
45 917
45 984
45 999
45 1048
45 1118
45 1401
45 1490
46 146
46 162
46 163
46 350
46 408
46 426
46 471
46 705
46 785
46 843
46 1021
46 1212
46 1215
46 1286
47 166
47 261
47 399
47 418
47 505
47 819
47 886
47 1034
47 1122
47 1138
47 1325
47 1341
47 1446
47 1457
48 124
48 228
48 423
48 559
48 748
48 881
48 1028
48 1141
48 1160
48 1206
48 1355
48 1363
48 1493
49 284
49 468
49 492
49 526
49 598
49 661
49 692
49 773
49 1079
49 1169
49 1174
49 1320
49 1431
50 77
50 105
50 362
50 469
50 770
50 809
50 813
50 911
50 1075
50 1095
50 1280
50 1391
50 1470
50 1486
51 114
51 209
51 434
51 456
51 490
51 547
51 604
51 688
51 831
51 942
51 1171
51 1175
51 1176
51 1276
52 74
52 92
52 260
52 262
52 385
52 386
52 404
52 410
52 932
52 1117
52 1128
52 1242
52 1410
52 1458
53 147
53 198
53 238
53 300
53 402
53 501
53 612
53 623
53 725
53 927
53 1009
53 1223
53 1235
53 1346
54 173
54 190
54 254
54 303
54 363
54 486
54 609
54 718
54 1006
54 1015
54 1125
54 1265
54 1361
54 1487
55 269
55 446
55 531
55 603
55 888
55 905
55 958
55 1098
55 1114
55 1132
55 1158
55 1234
55 1255
56 159
56 360
56 373
56 442
56 484
56 579
56 686
56 700
56 798
56 968
56 1092
56 1250
56 1387
56 1443
57 59
57 120
57 282
57 640
57 659
57 707
57 766
57 830
57 856
57 883
57 906
57 1090
57 1350
57 1469
58 312
58 454
58 521
58 586
58 639
58 777
58 920
58 1019
58 1062
58 1107
58 1145
58 1170
58 1323
58 1344
59 120
59 282
59 640
59 659
59 707
59 766
59 830
59 856
59 883
59 906
59 1090
59 1350
59 1469
60 81
60 98
60 109
60 447
60 470
60 472
60 474
60 498
60 747
60 849
60 1031
60 1109
60 1133
60 1233
61 107
61 334
61 337
61 349
61 370
61 522
61 676
61 719
61 796
61 1205
61 1281
61 1287
61 1338
61 1436
62 278
62 321
62 445
62 555
62 565
62 701
62 743
62 837
62 924
62 992
62 1030
62 1306
62 1440
63 90
63 110
63 391
63 527
63 616
63 662
63 682
63 772
63 1020
63 1207
63 1277
63 1364
63 1369
64 102
64 286
64 335
64 459
64 652
64 745
64 767
64 802
64 896
64 925
64 1105
64 1152
64 1208
64 1471
65 91
65 187
65 272
65 281
65 344
65 489
65 581
65 834
65 1053
65 1089
65 1103
65 1218
65 1405
65 1476
66 226
66 263
66 309
66 437
66 546
66 556
66 709
66 713
66 787
66 805
66 863
66 947
66 1085
66 1466
67 135
67 152
67 252
67 441
67 466
67 544
67 877
67 892
67 904
67 931
67 940
67 1240
67 1278
68 275
68 296
68 355
68 585
68 869
68 972
68 1036
68 1038
68 1179
68 1181
68 1274
69 171
69 214
69 287
69 384
69 496
69 550
69 848
69 936
69 994
69 1005
69 1087
69 1136
69 1161
69 1348
70 313
70 479
70 563
70 605
70 625
70 829
70 934
70 957
70 1186
70 1248
70 1290
70 1335
70 1491
70 1498
71 72
71 179
71 325
71 495
71 1007
71 1143
71 1285
71 1303
71 1375
71 1392
71 1463
71 1472
71 1474
71 1496
72 179
72 325
72 495
72 1007
72 1143
72 1285
72 1303
72 1375
72 1392
72 1463
72 1472
72 1474
72 1496
73 76
73 89
73 151
73 230
73 568
73 738
73 764
73 899
73 1081
73 1124
73 1137
73 1146
73 1418
74 92
74 260
74 262
74 385
74 386
74 404
74 410
74 932
74 1117
74 1128
74 1242
74 1410
74 1458
75 177
75 207
75 304
75 305
75 551
75 591
75 887
75 895
75 943
75 949
75 1070
75 1135
75 1209
75 1453
76 89
76 151
76 230
76 568
76 738
76 764
76 899
76 1081
76 1124
76 1137
76 1146
76 1418
77 105
77 362
77 469
77 770
77 809
77 813
77 911
77 1075
77 1095
77 1280
77 1391
77 1470
77 1486
78 82
78 103
78 188
78 227
78 233
78 339
78 352
78 576
78 726
78 1112
78 1164
78 1201
78 1321
78 1322
79 104
79 189
79 428
79 478
79 494
79 592
79 597
79 613
79 675
79 732
79 933
79 1018
79 1110
79 1356
80 201
80 589
80 674
80 740
80 751
80 757
80 885
80 891
80 1113
80 1115
80 1262
80 1334
80 1415
80 1461
81 98
81 109
81 447
81 470
81 472
81 474
81 498
81 747
81 849
81 1031
81 1109
81 1133
81 1233
82 103
82 188
82 227
82 233
82 339
82 352
82 576
82 726
82 1112
82 1164
82 1201
82 1321
82 1322
83 319
83 452
83 617
83 778
83 893
83 1024
83 1040
83 1099
83 1295
83 1312
83 1332
83 1373
84 108
84 318
84 487
84 503
84 530
84 578
84 872
84 959
84 987
84 1126
84 1319
84 1329
84 1388
84 1445
85 183
85 276
85 346
85 619
85 637
85 808
85 858
85 867
85 874
85 970
85 1116
85 1195
85 1366
85 1448
86 122
86 153
86 542
86 590
86 673
86 779
86 1039
86 1261
86 1275
86 1400
86 1406
86 1450
86 1454
87 115
87 235
87 250
87 365
87 366
87 409
87 417
87 570
87 632
87 774
87 775
87 1025
87 1271
87 1435
88 99
88 127
88 143
88 174
88 306
88 311
88 333
88 433
88 435
88 543
88 731
88 861
88 1202
88 1426
89 151
89 230
89 568
89 738
89 764
89 899
89 1081
89 1124
89 1137
89 1146
89 1418
90 110
90 391
90 527
90 616
90 662
90 682
90 772
90 1020
90 1207
90 1277
90 1364
90 1369
91 187
91 272
91 281
91 344
91 489
91 581
91 834
91 1053
91 1089
91 1103
91 1218
91 1405
91 1476
92 260
92 262
92 385
92 386
92 404
92 410
92 932
92 1117
92 1128
92 1242
92 1410
92 1458
93 244
93 308
93 336
93 395
93 414
93 660
93 714
93 746
93 900
93 964
93 1239
93 1324
93 1385
94 112
94 200
94 251
94 288
94 377
94 389
94 672
94 721
94 912
94 1252
94 1294
94 1360
94 1379
95 129
95 134
95 345
95 394
95 443
95 638
95 744
95 816
95 828
95 875
95 1192
95 1378
95 1396
95 1423
96 100
96 111
96 113
96 145
96 243
96 328
96 390
96 548
96 629
96 1043
96 1189
96 1352
96 1437
97 383
97 451
97 515
97 948
97 962
97 998
97 1097
97 1163
97 1249
97 1260
97 1337
97 1383
97 1485
98 109
98 447
98 470
98 472
98 474
98 498
98 747
98 849
98 1031
98 1109
98 1133
98 1233
99 127
99 143
99 174
99 306
99 311
99 333
99 433
99 435
99 543
99 731
99 861
99 1202
99 1426
100 111
100 113
100 145
100 243
100 328
100 390
100 548
100 629
100 1043
100 1189
100 1352
100 1437
101 307
101 348
101 396
101 529
101 620
101 760
101 792
101 799
101 967
101 1010
101 1049
101 1151
101 1328
101 1336
102 286
102 335
102 459
102 652
102 745
102 767
102 802
102 896
102 925
102 1105
102 1152
102 1208
102 1471
103 188
103 227
103 233
103 339
103 352
103 576
103 726
103 1112
103 1164
103 1201
103 1321
103 1322
104 189
104 428
104 478
104 494
104 592
104 597
104 613
104 675
104 732
104 933
104 1018
104 1110
104 1356
105 362
105 469
105 770
105 809
105 813
105 911
105 1075
105 1095
105 1280
105 1391
105 1470
105 1486
106 199
106 204
106 212
106 273
106 274
106 340
106 439
106 938
106 993
106 1140
106 1200
106 1204
106 1232
106 1258
107 334
107 337
107 349
107 370
107 522
107 676
107 719
107 796
107 1205
107 1281
107 1287
107 1338
107 1436
108 318
108 487
108 503
108 530
108 578
108 872
108 959
108 987
108 1126
108 1319
108 1329
108 1388
108 1445
109 447
109 470
109 472
109 474
109 498
109 747
109 849
109 1031
109 1109
109 1133
109 1233
110 391
110 527
110 616
110 662
110 682
110 772
110 1020
110 1207
110 1277
110 1364
110 1369
111 113
111 145
111 243
111 328
111 390
111 548
111 629
111 1043
111 1189
111 1352
111 1437
112 200
112 251
112 288
112 377
112 389
112 672
112 721
112 912
112 1252
112 1294
112 1360
112 1379
113 145
113 243
113 328
113 390
113 548
113 629
113 1043
113 1189
113 1352
113 1437
114 209
114 434
114 456
114 490
114 547
114 604
114 688
114 831
114 942
114 1171
114 1175
114 1176
114 1276
115 235
115 250
115 365
115 366
115 409
115 417
115 570
115 632
115 774
115 775
115 1025
115 1271
115 1435
116 136
116 206
116 241
116 537
116 611
116 741
116 941
116 1104
116 1106
116 1184
116 1316
116 1367
116 1456
117 213
117 279
117 372
117 420
117 508
117 512
117 540
117 558
117 583
117 670
117 846
117 889
117 1057
117 1301
118 449
118 465
118 615
118 657
118 820
118 923
118 979
118 1035
118 1045
118 1162
118 1166
118 1180
118 1292
118 1298
119 130
119 382
119 387
119 432
119 533
119 765
119 807
119 825
119 902
119 945
119 1296
119 1310
119 1330
119 1393
120 282
120 640
120 659
120 707
120 766
120 830
120 856
120 883
120 906
120 1090
120 1350
120 1469
121 141
121 224
121 256
121 323
121 473
121 481
121 582
121 671
121 715
121 835
121 839
121 1058
121 1065
121 1468
122 153
122 542
122 590
122 673
122 779
122 1039
122 1261
122 1275
122 1400
122 1406
122 1450
122 1454
123 149
123 231
123 268
123 277
123 298
123 302
123 380
123 482
123 601
123 1027
123 1050
123 1072
123 1199
124 228
124 423
124 559
124 748
124 881
124 1028
124 1141
124 1160
124 1206
124 1355
124 1363
124 1493
125 157
125 184
125 327
125 575
125 584
125 658
125 687
125 693
125 857
125 935
125 1023
125 1083
125 1403
125 1447
126 332
126 338
126 392
126 412
126 448
126 455
126 535
126 1059
126 1257
126 1402
126 1427
127 143
127 174
127 306
127 311
127 333
127 433
127 435
127 543
127 731
127 861
127 1202
127 1426
128 237
128 357
128 679
128 694
128 817
128 884
128 960
128 980
128 1144
128 1227
128 1480
128 1482
128 1492
129 134
129 345
129 394
129 443
129 638
129 744
129 816
129 828
129 875
129 1192
129 1378
129 1396
129 1423
130 382
130 387
130 432
130 533
130 765
130 807
130 825
130 902
130 945
130 1296
130 1310
130 1330
130 1393
131 148
131 196
131 205
131 217
131 702
131 712
131 901
131 956
131 974
131 1082
131 1198
131 1231
131 1441
131 1459
132 429
132 519
132 536
132 549
132 663
132 736
132 814
132 823
132 876
132 988
132 991
132 1002
132 1229
132 1473
133 161
133 215
133 364
133 534
133 783
133 851
133 871
133 953
133 982
133 1071
133 1220
134 345
134 394
134 443
134 638
134 744
134 816
134 828
134 875
134 1192
134 1378
134 1396
134 1423
135 152
135 252
135 441
135 466
135 544
135 877
135 892
135 904
135 931
135 940
135 1240
135 1278
136 206
136 241
136 537
136 611
136 741
136 941
136 1104
136 1106
136 1184
136 1316
136 1367
136 1456
137 208
137 236
137 301
137 374
137 606
137 667
137 696
137 771
137 866
137 914
137 971
137 1011
137 1411
137 1420
138 316
138 436
138 463
138 593
138 594
138 630
138 685
138 729
138 815
138 1173
138 1185
138 1307
138 1397
139 193
139 280
139 477
139 596
139 634
139 644
139 716
139 919
139 1003
139 1084
139 1263
139 1377
139 1395
140 249
140 329
140 422
140 564
140 566
140 758
140 806
140 907
140 910
140 1004
140 1078
140 1086
140 1120
140 1279
141 224
141 256
141 323
141 473
141 481
141 582
141 671
141 715
141 835
141 839
141 1058
141 1065
141 1468
142 246
142 341
142 654
142 776
142 826
142 836
142 1008
142 1088
142 1256
142 1270
142 1272
142 1359
142 1409
143 174
143 306
143 311
143 333
143 433
143 435
143 543
143 731
143 861
143 1202
143 1426
144 331
144 369
144 406
144 419
144 458
144 488
144 788
144 812
144 946
144 965
144 983
144 1182
144 1394
144 1425
145 243
145 328
145 390
145 548
145 629
145 1043
145 1189
145 1352
145 1437
146 162
146 163
146 350
146 408
146 426
146 471
146 705
146 785
146 843
146 1021
146 1212
146 1215
146 1286
147 198
147 238
147 300
147 402
147 501
147 612
147 623
147 725
147 927
147 1009
147 1223
147 1235
147 1346
148 196
148 205
148 217
148 702
148 712
148 901
148 956
148 974
148 1082
148 1198
148 1231
148 1441
148 1459
149 231
149 268
149 277
149 298
149 302
149 380
149 482
149 601
149 1027
149 1050
149 1072
149 1199
150 160
150 223
150 265
150 351
150 381
150 509
150 608
150 695
150 733
150 750
150 995
150 1076
150 1245
151 230
151 568
151 738
151 764
151 899
151 1081
151 1124
151 1137
151 1146
151 1418
152 252
152 441
152 466
152 544
152 877
152 892
152 904
152 931
152 940
152 1240
152 1278
153 542
153 590
153 673
153 779
153 1039
153 1261
153 1275
153 1400
153 1406
153 1450
153 1454
154 643
154 646
154 648
154 734
154 754
154 976
154 1051
154 1155
154 1224
154 1243
154 1293
154 1416
154 1439
154 1464
155 186
155 245
155 247
155 290
155 347
155 368
155 430
155 580
155 668
155 915
155 1314
155 1317
155 1343
156 181
156 538
156 882
156 922
156 966
156 981
156 1064
156 1216
156 1226
156 1300
156 1347
156 1358
156 1421
157 184
157 327
157 575
157 584
157 658
157 687
157 693
157 857
157 935
157 1023
157 1083
157 1403
157 1447
158 258
158 291
158 361
158 453
158 510
158 532
158 588
158 633
158 1130
158 1254
158 1308
158 1353
158 1389
158 1407
159 360
159 373
159 442
159 484
159 579
159 686
159 700
159 798
159 968
159 1092
159 1250
159 1387
159 1443
160 223
160 265
160 351
160 381
160 509
160 608
160 695
160 733
160 750
160 995
160 1076
160 1245
161 215
161 364
161 534
161 783
161 851
161 871
161 953
161 982
161 1071
161 1220
162 163
162 350
162 408
162 426
162 471
162 705
162 785
162 843
162 1021
162 1212
162 1215
162 1286
163 350
163 408
163 426
163 471
163 705
163 785
163 843
163 1021
163 1212
163 1215
163 1286
164 194
164 398
164 703
164 782
164 791
164 793
164 838
164 865
164 969
164 1052
164 1055
164 1121
164 1247
164 1497
165 203
165 216
165 271
165 628
165 797
165 800
165 878
165 961
165 1033
165 1077
165 1305
165 1429
165 1465
165 1494
166 261
166 399
166 418
166 505
166 819
166 886
166 1034
166 1122
166 1138
166 1325
166 1341
166 1446
166 1457
167 169
167 191
167 266
167 320
167 567
167 649
167 651
167 708
167 756
167 832
167 1129
167 1178
167 1417
167 1483
168 314
168 375
168 461
168 480
168 599
168 753
168 859
168 1123
168 1150
168 1153
168 1168
168 1191
168 1210
168 1451
169 191
169 266
169 320
169 567
169 649
169 651
169 708
169 756
169 832
169 1129
169 1178
169 1417
169 1483
170 255
170 315
170 916
170 944
170 986
170 1061
170 1068
170 1225
170 1237
170 1342
170 1349
170 1386
170 1430
171 214
171 287
171 384
171 496
171 550
171 848
171 936
171 994
171 1005
171 1087
171 1136
171 1161
171 1348
172 270
172 462
172 552
172 655
172 803
172 917
172 984
172 999
172 1048
172 1118
172 1401
172 1490
173 190
173 254
173 303
173 363
173 486
173 609
173 718
173 1006
173 1015
173 1125
173 1265
173 1361
173 1487
174 306
174 311
174 333
174 433
174 435
174 543
174 731
174 861
174 1202
174 1426
175 299
175 416
175 431
175 602
175 897
175 928
175 997
175 1094
175 1172
175 1213
175 1228
175 1304
175 1365
175 1478
176 354
176 684
176 722
176 769
176 781
176 1056
176 1119
176 1156
176 1246
176 1302
176 1340
176 1376
176 1413
176 1467
177 207
177 304
177 305
177 551
177 591
177 887
177 895
177 943
177 949
177 1070
177 1135
177 1209
177 1453
178 185
178 219
178 232
178 376
178 425
178 666
178 795
178 929
178 939
178 1029
178 1063
178 1214
178 1222
179 325
179 495
179 1007
179 1143
179 1285
179 1303
179 1375
179 1392
179 1463
179 1472
179 1474
179 1496
180 248
180 292
180 310
180 511
180 697
180 794
180 990
180 1060
180 1096
180 1190
180 1273
180 1291
180 1433
181 538
181 882
181 922
181 966
181 981
181 1064
181 1216
181 1226
181 1300
181 1347
181 1358
181 1421
182 294
182 421
182 491
182 545
182 553
182 683
182 850
182 926
182 1193
182 1211
182 1368
182 1384
182 1444
182 1475
183 276
183 346
183 619
183 637
183 808
183 858
183 867
183 874
183 970
183 1116
183 1195
183 1366
183 1448
184 327
184 575
184 584
184 658
184 687
184 693
184 857
184 935
184 1023
184 1083
184 1403
184 1447
185 219
185 232
185 376
185 425
185 666
185 795
185 929
185 939
185 1029
185 1063
185 1214
185 1222
186 245
186 247
186 290
186 347
186 368
186 430
186 580
186 668
186 915
186 1314
186 1317
186 1343
187 272
187 281
187 344
187 489
187 581
187 834
187 1053
187 1089
187 1103
187 1218
187 1405
187 1476
188 227
188 233
188 339
188 352
188 576
188 726
188 1112
188 1164
188 1201
188 1321
188 1322
189 428
189 478
189 494
189 592
189 597
189 613
189 675
189 732
189 933
189 1018
189 1110
189 1356
190 254
190 303
190 363
190 486
190 609
190 718
190 1006
190 1015
190 1125
190 1265
190 1361
190 1487
191 266
191 320
191 567
191 649
191 651
191 708
191 756
191 832
191 1129
191 1178
191 1417
191 1483
192 218
192 393
192 400
192 541
192 653
192 821
192 955
192 1203
192 1259
192 1442
192 1477
192 1481
193 280
193 477
193 596
193 634
193 644
193 716
193 919
193 1003
193 1084
193 1263
193 1377
193 1395
194 398
194 703
194 782
194 791
194 793
194 838
194 865
194 969
194 1052
194 1055
194 1121
194 1247
194 1497
195 239
195 356
195 397
195 475
195 518
195 577
195 656
195 873
195 937
195 963
195 1148
195 1264
195 1372
195 1422
196 205
196 217
196 702
196 712
196 901
196 956
196 974
196 1082
196 1198
196 1231
196 1441
196 1459
197 259
197 444
197 500
197 669
197 735
197 1022
197 1026
197 1032
197 1165
197 1194
197 1282
197 1374
197 1398
197 1495
198 238
198 300
198 402
198 501
198 612
198 623
198 725
198 927
198 1009
198 1223
198 1235
198 1346
199 204
199 212
199 273
199 274
199 340
199 439
199 938
199 993
199 1140
199 1200
199 1204
199 1232
199 1258
200 251
200 288
200 377
200 389
200 672
200 721
200 912
200 1252
200 1294
200 1360
200 1379
201 589
201 674
201 740
201 751
201 757
201 885
201 891
201 1113
201 1115
201 1262
201 1334
201 1415
201 1461
202 210
202 257
202 513
202 618
202 711
202 762
202 833
202 880
202 921
202 1177
202 1217
202 1230
202 1236
202 1284
203 216
203 271
203 628
203 797
203 800
203 878
203 961
203 1033
203 1077
203 1305
203 1429
203 1465
203 1494
204 212
204 273
204 274
204 340
204 439
204 938
204 993
204 1140
204 1200
204 1204
204 1232
204 1258
205 217
205 702
205 712
205 901
205 956
205 974
205 1082
205 1198
205 1231
205 1441
205 1459
206 241
206 537
206 611
206 741
206 941
206 1104
206 1106
206 1184
206 1316
206 1367
206 1456
207 304
207 305
207 551
207 591
207 887
207 895
207 943
207 949
207 1070
207 1135
207 1209
207 1453
208 236
208 301
208 374
208 606
208 667
208 696
208 771
208 866
208 914
208 971
208 1011
208 1411
208 1420
209 434
209 456
209 490
209 547
209 604
209 688
209 831
209 942
209 1171
209 1175
209 1176
209 1276
210 257
210 513
210 618
210 711
210 762
210 833
210 880
210 921
210 1177
210 1217
210 1230
210 1236
210 1284
211 264
211 322
211 342
211 359
211 502
211 520
211 571
211 742
211 759
211 790
211 1139
211 1362
212 273
212 274
212 340
212 439
212 938
212 993
212 1140
212 1200
212 1204
212 1232
212 1258
213 279
213 372
213 420
213 508
213 512
213 540
213 558
213 583
213 670
213 846
213 889
213 1057
213 1301
214 287
214 384
214 496
214 550
214 848
214 936
214 994
214 1005
214 1087
214 1136
214 1161
214 1348
215 364
215 534
215 783
215 851
215 871
215 953
215 982
215 1071
215 1220
216 271
216 628
216 797
216 800
216 878
216 961
216 1033
216 1077
216 1305
216 1429
216 1465
216 1494
217 702
217 712
217 901
217 956
217 974
217 1082
217 1198
217 1231
217 1441
217 1459
218 393
218 400
218 541
218 653
218 821
218 955
218 1203
218 1259
218 1442
218 1477
218 1481
219 232
219 376
219 425
219 666
219 795
219 929
219 939
219 1029
219 1063
219 1214
219 1222
220 283
220 438
220 467
220 557
220 647
220 678
220 720
220 761
220 950
220 973
220 1101
220 1351
220 1381
220 1428
221 427
221 497
221 517
221 622
221 780
221 804
221 870
221 918
221 1241
221 1266
221 1268
221 1283
221 1339
221 1414
222 293
222 379
222 485
222 539
222 600
222 635
222 677
222 864
222 975
222 1073
222 1074
222 1154
222 1167
222 1299
223 265
223 351
223 381
223 509
223 608
223 695
223 733
223 750
223 995
223 1076
223 1245
224 256
224 323
224 473
224 481
224 582
224 671
224 715
224 835
224 839
224 1058
224 1065
224 1468
225 343
225 440
225 450
225 499
225 504
225 560
225 890
225 903
225 1041
225 1067
225 1091
225 1093
225 1333
225 1455
226 263
226 309
226 437
226 546
226 556
226 709
226 713
226 787
226 805
226 863
226 947
226 1085
226 1466
227 233
227 339
227 352
227 576
227 726
227 1112
227 1164
227 1201
227 1321
227 1322
228 423
228 559
228 748
228 881
228 1028
228 1141
228 1160
228 1206
228 1355
228 1363
228 1493
229 242
229 297
229 562
229 690
229 845
229 1012
229 1047
229 1149
229 1188
229 1438
229 1462
229 1488
229 1489
230 568
230 738
230 764
230 899
230 1081
230 1124
230 1137
230 1146
230 1418
231 268
231 277
231 298
231 302
231 380
231 482
231 601
231 1027
231 1050
231 1072
231 1199
232 376
232 425
232 666
232 795
232 929
232 939
232 1029
232 1063
232 1214
232 1222
233 339
233 352
233 576
233 726
233 1112
233 1164
233 1201
233 1321
233 1322
234 267
234 378
234 457
234 626
234 681
234 691
234 810
234 930
234 954
234 1000
234 1244
234 1357
234 1412
235 250
235 365
235 366
235 409
235 417
235 570
235 632
235 774
235 775
235 1025
235 1271
235 1435
236 301
236 374
236 606
236 667
236 696
236 771
236 866
236 914
236 971
236 1011
236 1411
236 1420
237 357
237 679
237 694
237 817
237 884
237 960
237 980
237 1144
237 1227
237 1480
237 1482
237 1492
238 300
238 402
238 501
238 612
238 623
238 725
238 927
238 1009
238 1223
238 1235
238 1346
239 356
239 397
239 475
239 518
239 577
239 656
239 873
239 937
239 963
239 1148
239 1264
239 1372
239 1422
240 326
240 367
240 493
240 587
240 621
240 664
240 717
240 768
240 789
240 811
240 818
240 1127
240 1267
240 1318
241 537
241 611
241 741
241 941
241 1104
241 1106
241 1184
241 1316
241 1367
241 1456
242 297
242 562
242 690
242 845
242 1012
242 1047
242 1149
242 1188
242 1438
242 1462
242 1488
242 1489
243 328
243 390
243 548
243 629
243 1043
243 1189
243 1352
243 1437
244 308
244 336
244 395
244 414
244 660
244 714
244 746
244 900
244 964
244 1239
244 1324
244 1385
245 247
245 290
245 347
245 368
245 430
245 580
245 668
245 915
245 1314
245 1317
245 1343
246 341
246 654
246 776
246 826
246 836
246 1008
246 1088
246 1256
246 1270
246 1272
246 1359
246 1409
247 290
247 347
247 368
247 430
247 580
247 668
247 915
247 1314
247 1317
247 1343
248 292
248 310
248 511
248 697
248 794
248 990
248 1060
248 1096
248 1190
248 1273
248 1291
248 1433
249 329
249 422
249 564
249 566
249 758
249 806
249 907
249 910
249 1004
249 1078
249 1086
249 1120
249 1279
250 365
250 366
250 409
250 417
250 570
250 632
250 774
250 775
250 1025
250 1271
250 1435
251 288
251 377
251 389
251 672
251 721
251 912
251 1252
251 1294
251 1360
251 1379
252 441
252 466
252 544
252 877
252 892
252 904
252 931
252 940
252 1240
252 1278
253 295
253 371
253 415
253 460
253 525
253 569
253 704
253 730
253 784
253 840
253 879
253 1069
253 1197
253 1460
254 303
254 363
254 486
254 609
254 718
254 1006
254 1015
254 1125
254 1265
254 1361
254 1487
255 315
255 916
255 944
255 986
255 1061
255 1068
255 1225
255 1237
255 1342
255 1349
255 1386
255 1430
256 323
256 473
256 481
256 582
256 671
256 715
256 835
256 839
256 1058
256 1065
256 1468
257 513
257 618
257 711
257 762
257 833
257 880
257 921
257 1177
257 1217
257 1230
257 1236
257 1284
258 291
258 361
258 453
258 510
258 532
258 588
258 633
258 1130
258 1254
258 1308
258 1353
258 1389
258 1407
259 444
259 500
259 669
259 735
259 1022
259 1026
259 1032
259 1165
259 1194
259 1282
259 1374
259 1398
259 1495
260 262
260 385
260 386
260 404
260 410
260 932
260 1117
260 1128
260 1242
260 1410
260 1458
261 399
261 418
261 505
261 819
261 886
261 1034
261 1122
261 1138
261 1325
261 1341
261 1446
261 1457
262 385
262 386
262 404
262 410
262 932
262 1117
262 1128
262 1242
262 1410
262 1458
263 309
263 437
263 546
263 556
263 709
263 713
263 787
263 805
263 863
263 947
263 1085
263 1466
264 322
264 342
264 359
264 502
264 520
264 571
264 742
264 759
264 790
264 1139
264 1362
265 351
265 381
265 509
265 608
265 695
265 733
265 750
265 995
265 1076
265 1245
266 320
266 567
266 649
266 651
266 708
266 756
266 832
266 1129
266 1178
266 1417
266 1483
267 378
267 457
267 626
267 681
267 691
267 810
267 930
267 954
267 1000
267 1244
267 1357
267 1412
268 277
268 298
268 302
268 380
268 482
268 601
268 1027
268 1050
268 1072
268 1199
269 446
269 531
269 603
269 888
269 905
269 958
269 1098
269 1114
269 1132
269 1158
269 1234
269 1255
270 462
270 552
270 655
270 803
270 917
270 984
270 999
270 1048
270 1118
270 1401
270 1490
271 628
271 797
271 800
271 878
271 961
271 1033
271 1077
271 1305
271 1429
271 1465
271 1494
272 281
272 344
272 489
272 581
272 834
272 1053
272 1089
272 1103
272 1218
272 1405
272 1476
273 274
273 340
273 439
273 938
273 993
273 1140
273 1200
273 1204
273 1232
273 1258
274 340
274 439
274 938
274 993
274 1140
274 1200
274 1204
274 1232
274 1258
275 296
275 355
275 585
275 869
275 972
275 1036
275 1038
275 1179
275 1181
275 1274
276 346
276 619
276 637
276 808
276 858
276 867
276 874
276 970
276 1116
276 1195
276 1366
276 1448
277 298
277 302
277 380
277 482
277 601
277 1027
277 1050
277 1072
277 1199
278 321
278 445
278 555
278 565
278 701
278 743
278 837
278 924
278 992
278 1030
278 1306
278 1440
279 372
279 420
279 508
279 512
279 540
279 558
279 583
279 670
279 846
279 889
279 1057
279 1301
280 477
280 596
280 634
280 644
280 716
280 919
280 1003
280 1084
280 1263
280 1377
280 1395
281 344
281 489
281 581
281 834
281 1053
281 1089
281 1103
281 1218
281 1405
281 1476
282 640
282 659
282 707
282 766
282 830
282 856
282 883
282 906
282 1090
282 1350
282 1469
283 438
283 467
283 557
283 647
283 678
283 720
283 761
283 950
283 973
283 1101
283 1351
283 1381
283 1428
284 468
284 492
284 526
284 598
284 661
284 692
284 773
284 1079
284 1169
284 1174
284 1320
284 1431
285 699
285 852
285 854
285 862
285 996
285 1001
285 1037
285 1044
285 1142
285 1187
285 1253
285 1297
285 1313
286 335
286 459
286 652
286 745
286 767
286 802
286 896
286 925
286 1105
286 1152
286 1208
286 1471
287 384
287 496
287 550
287 848
287 936
287 994
287 1005
287 1087
287 1136
287 1161
287 1348
288 377
288 389
288 672
288 721
288 912
288 1252
288 1294
288 1360
288 1379
289 407
289 411
289 516
289 610
289 728
289 909
289 978
289 1013
289 1042
289 1054
289 1080
289 1331
289 1382
289 1419
290 347
290 368
290 430
290 580
290 668
290 915
290 1314
290 1317
290 1343
291 361
291 453
291 510
291 532
291 588
291 633
291 1130
291 1254
291 1308
291 1353
291 1389
291 1407
292 310
292 511
292 697
292 794
292 990
292 1060
292 1096
292 1190
292 1273
292 1291
292 1433
293 379
293 485
293 539
293 600
293 635
293 677
293 864
293 975
293 1073
293 1074
293 1154
293 1167
293 1299
294 421
294 491
294 545
294 553
294 683
294 850
294 926
294 1193
294 1211
294 1368
294 1384
294 1444
294 1475
295 371
295 415
295 460
295 525
295 569
295 704
295 730
295 784
295 840
295 879
295 1069
295 1197
295 1460
296 355
296 585
296 869
296 972
296 1036
296 1038
296 1179
296 1181
296 1274
297 562
297 690
297 845
297 1012
297 1047
297 1149
297 1188
297 1438
297 1462
297 1488
297 1489
298 302
298 380
298 482
298 601
298 1027
298 1050
298 1072
298 1199
299 416
299 431
299 602
299 897
299 928
299 997
299 1094
299 1172
299 1213
299 1228
299 1304
299 1365
299 1478
300 402
300 501
300 612
300 623
300 725
300 927
300 1009
300 1223
300 1235
300 1346
301 374
301 606
301 667
301 696
301 771
301 866
301 914
301 971
301 1011
301 1411
301 1420
302 380
302 482
302 601
302 1027
302 1050
302 1072
302 1199
303 363
303 486
303 609
303 718
303 1006
303 1015
303 1125
303 1265
303 1361
303 1487
304 305
304 551
304 591
304 887
304 895
304 943
304 949
304 1070
304 1135
304 1209
304 1453
305 551
305 591
305 887
305 895
305 943
305 949
305 1070
305 1135
305 1209
305 1453
306 311
306 333
306 433
306 435
306 543
306 731
306 861
306 1202
306 1426
307 348
307 396
307 529
307 620
307 760
307 792
307 799
307 967
307 1010
307 1049
307 1151
307 1328
307 1336
308 336
308 395
308 414
308 660
308 714
308 746
308 900
308 964
308 1239
308 1324
308 1385
309 437
309 546
309 556
309 709
309 713
309 787
309 805
309 863
309 947
309 1085
309 1466
310 511
310 697
310 794
310 990
310 1060
310 1096
310 1190
310 1273
310 1291
310 1433
311 333
311 433
311 435
311 543
311 731
311 861
311 1202
311 1426
312 454
312 521
312 586
312 639
312 777
312 920
312 1019
312 1062
312 1107
312 1145
312 1170
312 1323
312 1344
313 479
313 563
313 605
313 625
313 829
313 934
313 957
313 1186
313 1248
313 1290
313 1335
313 1491
313 1498
314 375
314 461
314 480
314 599
314 753
314 859
314 1123
314 1150
314 1153
314 1168
314 1191
314 1210
314 1451
315 916
315 944
315 986
315 1061
315 1068
315 1225
315 1237
315 1342
315 1349
315 1386
315 1430
316 436
316 463
316 593
316 594
316 630
316 685
316 729
316 815
316 1173
316 1185
316 1307
316 1397
317 401
317 507
317 528
317 573
317 763
317 786
317 841
317 1111
317 1134
317 1289
317 1326
317 1327
317 1354
317 1371
318 487
318 503
318 530
318 578
318 872
318 959
318 987
318 1126
318 1319
318 1329
318 1388
318 1445
319 452
319 617
319 778
319 893
319 1024
319 1040
319 1099
319 1295
319 1312
319 1332
319 1373
320 567
320 649
320 651
320 708
320 756
320 832
320 1129
320 1178
320 1417
320 1483
321 445
321 555
321 565
321 701
321 743
321 837
321 924
321 992
321 1030
321 1306
321 1440
322 342
322 359
322 502
322 520
322 571
322 742
322 759
322 790
322 1139
322 1362
323 473
323 481
323 582
323 671
323 715
323 835
323 839
323 1058
323 1065
323 1468
324 353
324 388
324 506
324 624
324 636
324 727
324 739
324 801
324 860
324 868
324 1315
324 1380
324 1408
324 1424
325 495
325 1007
325 1143
325 1285
325 1303
325 1375
325 1392
325 1463
325 1472
325 1474
325 1496
326 367
326 493
326 587
326 621
326 664
326 717
326 768
326 789
326 811
326 818
326 1127
326 1267
326 1318
327 575
327 584
327 658
327 687
327 693
327 857
327 935
327 1023
327 1083
327 1403
327 1447
328 390
328 548
328 629
328 1043
328 1189
328 1352
328 1437
329 422
329 564
329 566
329 758
329 806
329 907
329 910
329 1004
329 1078
329 1086
329 1120
329 1279
330 424
330 631
330 645
330 650
330 710
330 723
330 724
330 844
330 894
330 1016
330 1131
330 1147
330 1219
331 369
331 406
331 419
331 458
331 488
331 788
331 812
331 946
331 965
331 983
331 1182
331 1394
331 1425
332 338
332 392
332 412
332 448
332 455
332 535
332 1059
332 1257
332 1402
332 1427
333 433
333 435
333 543
333 731
333 861
333 1202
333 1426
334 337
334 349
334 370
334 522
334 676
334 719
334 796
334 1205
334 1281
334 1287
334 1338
334 1436
335 459
335 652
335 745
335 767
335 802
335 896
335 925
335 1105
335 1152
335 1208
335 1471
336 395
336 414
336 660
336 714
336 746
336 900
336 964
336 1239
336 1324
336 1385
337 349
337 370
337 522
337 676
337 719
337 796
337 1205
337 1281
337 1287
337 1338
337 1436
338 392
338 412
338 448
338 455
338 535
338 1059
338 1257
338 1402
338 1427
339 352
339 576
339 726
339 1112
339 1164
339 1201
339 1321
339 1322
340 439
340 938
340 993
340 1140
340 1200
340 1204
340 1232
340 1258
341 654
341 776
341 826
341 836
341 1008
341 1088
341 1256
341 1270
341 1272
341 1359
341 1409
342 359
342 502
342 520
342 571
342 742
342 759
342 790
342 1139
342 1362
343 440
343 450
343 499
343 504
343 560
343 890
343 903
343 1041
343 1067
343 1091
343 1093
343 1333
343 1455
344 489
344 581
344 834
344 1053
344 1089
344 1103
344 1218
344 1405
344 1476
345 394
345 443
345 638
345 744
345 816
345 828
345 875
345 1192
345 1378
345 1396
345 1423
346 619
346 637
346 808
346 858
346 867
346 874
346 970
346 1116
346 1195
346 1366
346 1448
347 368
347 430
347 580
347 668
347 915
347 1314
347 1317
347 1343
348 396
348 529
348 620
348 760
348 792
348 799
348 967
348 1010
348 1049
348 1151
348 1328
348 1336
349 370
349 522
349 676
349 719
349 796
349 1205
349 1281
349 1287
349 1338
349 1436
350 408
350 426
350 471
350 705
350 785
350 843
350 1021
350 1212
350 1215
350 1286
351 381
351 509
351 608
351 695
351 733
351 750
351 995
351 1076
351 1245
352 576
352 726
352 1112
352 1164
352 1201
352 1321
352 1322
353 388
353 506
353 624
353 636
353 727
353 739
353 801
353 860
353 868
353 1315
353 1380
353 1408
353 1424
354 684
354 722
354 769
354 781
354 1056
354 1119
354 1156
354 1246
354 1302
354 1340
354 1376
354 1413
354 1467
355 585
355 869
355 972
355 1036
355 1038
355 1179
355 1181
355 1274
356 397
356 475
356 518
356 577
356 656
356 873
356 937
356 963
356 1148
356 1264
356 1372
356 1422
357 679
357 694
357 817
357 884
357 960
357 980
357 1144
357 1227
357 1480
357 1482
357 1492
358 413
358 476
358 514
358 554
358 680
358 689
358 737
358 855
358 1046
358 1102
358 1157
358 1288
358 1345
359 502
359 520
359 571
359 742
359 759
359 790
359 1139
359 1362
360 373
360 442
360 484
360 579
360 686
360 700
360 798
360 968
360 1092
360 1250
360 1387
360 1443
361 453
361 510
361 532
361 588
361 633
361 1130
361 1254
361 1308
361 1353
361 1389
361 1407
362 469
362 770
362 809
362 813
362 911
362 1075
362 1095
362 1280
362 1391
362 1470
362 1486
363 486
363 609
363 718
363 1006
363 1015
363 1125
363 1265
363 1361
363 1487
364 534
364 783
364 851
364 871
364 953
364 982
364 1071
364 1220
365 366
365 409
365 417
365 570
365 632
365 774
365 775
365 1025
365 1271
365 1435
366 409
366 417
366 570
366 632
366 774
366 775
366 1025
366 1271
366 1435
367 493
367 587
367 621
367 664
367 717
367 768
367 789
367 811
367 818
367 1127
367 1267
367 1318
368 430
368 580
368 668
368 915
368 1314
368 1317
368 1343
369 406
369 419
369 458
369 488
369 788
369 812
369 946
369 965
369 983
369 1182
369 1394
369 1425
370 522
370 676
370 719
370 796
370 1205
370 1281
370 1287
370 1338
370 1436
371 415
371 460
371 525
371 569
371 704
371 730
371 784
371 840
371 879
371 1069
371 1197
371 1460
372 420
372 508
372 512
372 540
372 558
372 583
372 670
372 846
372 889
372 1057
372 1301
373 442
373 484
373 579
373 686
373 700
373 798
373 968
373 1092
373 1250
373 1387
373 1443
374 606
374 667
374 696
374 771
374 866
374 914
374 971
374 1011
374 1411
374 1420
375 461
375 480
375 599
375 753
375 859
375 1123
375 1150
375 1153
375 1168
375 1191
375 1210
375 1451
376 425
376 666
376 795
376 929
376 939
376 1029
376 1063
376 1214
376 1222
377 389
377 672
377 721
377 912
377 1252
377 1294
377 1360
377 1379
378 457
378 626
378 681
378 691
378 810
378 930
378 954
378 1000
378 1244
378 1357
378 1412
379 485
379 539
379 600
379 635
379 677
379 864
379 975
379 1073
379 1074
379 1154
379 1167
379 1299
380 482
380 601
380 1027
380 1050
380 1072
380 1199
381 509
381 608
381 695
381 733
381 750
381 995
381 1076
381 1245
382 387
382 432
382 533
382 765
382 807
382 825
382 902
382 945
382 1296
382 1310
382 1330
382 1393
383 451
383 515
383 948
383 962
383 998
383 1097
383 1163
383 1249
383 1260
383 1337
383 1383
383 1485
384 496
384 550
384 848
384 936
384 994
384 1005
384 1087
384 1136
384 1161
384 1348
385 386
385 404
385 410
385 932
385 1117
385 1128
385 1242
385 1410
385 1458
386 404
386 410
386 932
386 1117
386 1128
386 1242
386 1410
386 1458
387 432
387 533
387 765
387 807
387 825
387 902
387 945
387 1296
387 1310
387 1330
387 1393
388 506
388 624
388 636
388 727
388 739
388 801
388 860
388 868
388 1315
388 1380
388 1408
388 1424
389 672
389 721
389 912
389 1252
389 1294
389 1360
389 1379
390 548
390 629
390 1043
390 1189
390 1352
390 1437
391 527
391 616
391 662
391 682
391 772
391 1020
391 1207
391 1277
391 1364
391 1369
392 412
392 448
392 455
392 535
392 1059
392 1257
392 1402
392 1427
393 400
393 541
393 653
393 821
393 955
393 1203
393 1259
393 1442
393 1477
393 1481
394 443
394 638
394 744
394 816
394 828
394 875
394 1192
394 1378
394 1396
394 1423
395 414
395 660
395 714
395 746
395 900
395 964
395 1239
395 1324
395 1385
396 529
396 620
396 760
396 792
396 799
396 967
396 1010
396 1049
396 1151
396 1328
396 1336
397 475
397 518
397 577
397 656
397 873
397 937
397 963
397 1148
397 1264
397 1372
397 1422
398 703
398 782
398 791
398 793
398 838
398 865
398 969
398 1052
398 1055
398 1121
398 1247
398 1497
399 418
399 505
399 819
399 886
399 1034
399 1122
399 1138
399 1325
399 1341
399 1446
399 1457
400 541
400 653
400 821
400 955
400 1203
400 1259
400 1442
400 1477
400 1481
401 507
401 528
401 573
401 763
401 786
401 841
401 1111
401 1134
401 1289
401 1326
401 1327
401 1354
401 1371
402 501
402 612
402 623
402 725
402 927
402 1009
402 1223
402 1235
402 1346
403 523
403 524
403 572
403 614
403 642
403 847
403 913
403 985
403 1159
403 1238
403 1432
403 1449
403 1479
403 1484
404 410
404 932
404 1117
404 1128
404 1242
404 1410
404 1458
405 574
405 706
405 752
405 755
405 824
405 842
405 908
405 951
405 977
405 989
405 1066
405 1100
405 1108
405 1390
406 419
406 458
406 488
406 788
406 812
406 946
406 965
406 983
406 1182
406 1394
406 1425
407 411
407 516
407 610
407 728
407 909
407 978
407 1013
407 1042
407 1054
407 1080
407 1331
407 1382
407 1419
408 426
408 471
408 705
408 785
408 843
408 1021
408 1212
408 1215
408 1286
409 417
409 570
409 632
409 774
409 775
409 1025
409 1271
409 1435
410 932
410 1117
410 1128
410 1242
410 1410
410 1458
411 516
411 610
411 728
411 909
411 978
411 1013
411 1042
411 1054
411 1080
411 1331
411 1382
411 1419
412 448
412 455
412 535
412 1059
412 1257
412 1402
412 1427
413 476
413 514
413 554
413 680
413 689
413 737
413 855
413 1046
413 1102
413 1157
413 1288
413 1345
414 660
414 714
414 746
414 900
414 964
414 1239
414 1324
414 1385
415 460
415 525
415 569
415 704
415 730
415 784
415 840
415 879
415 1069
415 1197
415 1460
416 431
416 602
416 897
416 928
416 997
416 1094
416 1172
416 1213
416 1228
416 1304
416 1365
416 1478
417 570
417 632
417 774
417 775
417 1025
417 1271
417 1435
418 505
418 819
418 886
418 1034
418 1122
418 1138
418 1325
418 1341
418 1446
418 1457
419 458
419 488
419 788
419 812
419 946
419 965
419 983
419 1182
419 1394
419 1425
420 508
420 512
420 540
420 558
420 583
420 670
420 846
420 889
420 1057
420 1301
421 491
421 545
421 553
421 683
421 850
421 926
421 1193
421 1211
421 1368
421 1384
421 1444
421 1475
422 564
422 566
422 758
422 806
422 907
422 910
422 1004
422 1078
422 1086
422 1120
422 1279
423 559
423 748
423 881
423 1028
423 1141
423 1160
423 1206
423 1355
423 1363
423 1493
424 631
424 645
424 650
424 710
424 723
424 724
424 844
424 894
424 1016
424 1131
424 1147
424 1219
425 666
425 795
425 929
425 939
425 1029
425 1063
425 1214
425 1222
426 471
426 705
426 785
426 843
426 1021
426 1212
426 1215
426 1286
427 497
427 517
427 622
427 780
427 804
427 870
427 918
427 1241
427 1266
427 1268
427 1283
427 1339
427 1414
428 478
428 494
428 592
428 597
428 613
428 675
428 732
428 933
428 1018
428 1110
428 1356
429 519
429 536
429 549
429 663
429 736
429 814
429 823
429 876
429 988
429 991
429 1002
429 1229
429 1473
430 580
430 668
430 915
430 1314
430 1317
430 1343
431 602
431 897
431 928
431 997
431 1094
431 1172
431 1213
431 1228
431 1304
431 1365
431 1478
432 533
432 765
432 807
432 825
432 902
432 945
432 1296
432 1310
432 1330
432 1393
433 435
433 543
433 731
433 861
433 1202
433 1426
434 456
434 490
434 547
434 604
434 688
434 831
434 942
434 1171
434 1175
434 1176
434 1276
435 543
435 731
435 861
435 1202
435 1426
436 463
436 593
436 594
436 630
436 685
436 729
436 815
436 1173
436 1185
436 1307
436 1397
437 546
437 556
437 709
437 713
437 787
437 805
437 863
437 947
437 1085
437 1466
438 467
438 557
438 647
438 678
438 720
438 761
438 950
438 973
438 1101
438 1351
438 1381
438 1428
439 938
439 993
439 1140
439 1200
439 1204
439 1232
439 1258
440 450
440 499
440 504
440 560
440 890
440 903
440 1041
440 1067
440 1091
440 1093
440 1333
440 1455
441 466
441 544
441 877
441 892
441 904
441 931
441 940
441 1240
441 1278
442 484
442 579
442 686
442 700
442 798
442 968
442 1092
442 1250
442 1387
442 1443
443 638
443 744
443 816
443 828
443 875
443 1192
443 1378
443 1396
443 1423
444 500
444 669
444 735
444 1022
444 1026
444 1032
444 1165
444 1194
444 1282
444 1374
444 1398
444 1495
445 555
445 565
445 701
445 743
445 837
445 924
445 992
445 1030
445 1306
445 1440
446 531
446 603
446 888
446 905
446 958
446 1098
446 1114
446 1132
446 1158
446 1234
446 1255
447 470
447 472
447 474
447 498
447 747
447 849
447 1031
447 1109
447 1133
447 1233
448 455
448 535
448 1059
448 1257
448 1402
448 1427
449 465
449 615
449 657
449 820
449 923
449 979
449 1035
449 1045
449 1162
449 1166
449 1180
449 1292
449 1298
450 499
450 504
450 560
450 890
450 903
450 1041
450 1067
450 1091
450 1093
450 1333
450 1455
451 515
451 948
451 962
451 998
451 1097
451 1163
451 1249
451 1260
451 1337
451 1383
451 1485
452 617
452 778
452 893
452 1024
452 1040
452 1099
452 1295
452 1312
452 1332
452 1373
453 510
453 532
453 588
453 633
453 1130
453 1254
453 1308
453 1353
453 1389
453 1407
454 521
454 586
454 639
454 777
454 920
454 1019
454 1062
454 1107
454 1145
454 1170
454 1323
454 1344
455 535
455 1059
455 1257
455 1402
455 1427
456 490
456 547
456 604
456 688
456 831
456 942
456 1171
456 1175
456 1176
456 1276
457 626
457 681
457 691
457 810
457 930
457 954
457 1000
457 1244
457 1357
457 1412
458 488
458 788
458 812
458 946
458 965
458 983
458 1182
458 1394
458 1425
459 652
459 745
459 767
459 802
459 896
459 925
459 1105
459 1152
459 1208
459 1471
460 525
460 569
460 704
460 730
460 784
460 840
460 879
460 1069
460 1197
460 1460
461 480
461 599
461 753
461 859
461 1123
461 1150
461 1153
461 1168
461 1191
461 1210
461 1451
462 552
462 655
462 803
462 917
462 984
462 999
462 1048
462 1118
462 1401
462 1490
463 593
463 594
463 630
463 685
463 729
463 815
463 1173
463 1185
463 1307
463 1397
464 665
464 698
464 822
464 827
464 853
464 898
464 952
464 1014
464 1017
464 1221
464 1309
464 1311
464 1399
464 1434
465 615
465 657
465 820
465 923
465 979
465 1035
465 1045
465 1162
465 1166
465 1180
465 1292
465 1298
466 544
466 877
466 892
466 904
466 931
466 940
466 1240
466 1278
467 557
467 647
467 678
467 720
467 761
467 950
467 973
467 1101
467 1351
467 1381
467 1428
468 492
468 526
468 598
468 661
468 692
468 773
468 1079
468 1169
468 1174
468 1320
468 1431
469 770
469 809
469 813
469 911
469 1075
469 1095
469 1280
469 1391
469 1470
469 1486
470 472
470 474
470 498
470 747
470 849
470 1031
470 1109
470 1133
470 1233
471 705
471 785
471 843
471 1021
471 1212
471 1215
471 1286
472 474
472 498
472 747
472 849
472 1031
472 1109
472 1133
472 1233
473 481
473 582
473 671
473 715
473 835
473 839
473 1058
473 1065
473 1468
474 498
474 747
474 849
474 1031
474 1109
474 1133
474 1233
475 518
475 577
475 656
475 873
475 937
475 963
475 1148
475 1264
475 1372
475 1422
476 514
476 554
476 680
476 689
476 737
476 855
476 1046
476 1102
476 1157
476 1288
476 1345
477 596
477 634
477 644
477 716
477 919
477 1003
477 1084
477 1263
477 1377
477 1395
478 494
478 592
478 597
478 613
478 675
478 732
478 933
478 1018
478 1110
478 1356
479 563
479 605
479 625
479 829
479 934
479 957
479 1186
479 1248
479 1290
479 1335
479 1491
479 1498
480 599
480 753
480 859
480 1123
480 1150
480 1153
480 1168
480 1191
480 1210
480 1451
481 582
481 671
481 715
481 835
481 839
481 1058
481 1065
481 1468
482 601
482 1027
482 1050
482 1072
482 1199
483 561
483 595
483 607
483 627
483 641
483 749
483 1183
483 1196
483 1251
483 1269
483 1370
483 1404
483 1452
483 1499
484 579
484 686
484 700
484 798
484 968
484 1092
484 1250
484 1387
484 1443
485 539
485 600
485 635
485 677
485 864
485 975
485 1073
485 1074
485 1154
485 1167
485 1299
486 609
486 718
486 1006
486 1015
486 1125
486 1265
486 1361
486 1487
487 503
487 530
487 578
487 872
487 959
487 987
487 1126
487 1319
487 1329
487 1388
487 1445
488 788
488 812
488 946
488 965
488 983
488 1182
488 1394
488 1425
489 581
489 834
489 1053
489 1089
489 1103
489 1218
489 1405
489 1476
490 547
490 604
490 688
490 831
490 942
490 1171
490 1175
490 1176
490 1276
491 545
491 553
491 683
491 850
491 926
491 1193
491 1211
491 1368
491 1384
491 1444
491 1475
492 526
492 598
492 661
492 692
492 773
492 1079
492 1169
492 1174
492 1320
492 1431
493 587
493 621
493 664
493 717
493 768
493 789
493 811
493 818
493 1127
493 1267
493 1318
494 592
494 597
494 613
494 675
494 732
494 933
494 1018
494 1110
494 1356
495 1007
495 1143
495 1285
495 1303
495 1375
495 1392
495 1463
495 1472
495 1474
495 1496
496 550
496 848
496 936
496 994
496 1005
496 1087
496 1136
496 1161
496 1348
497 517
497 622
497 780
497 804
497 870
497 918
497 1241
497 1266
497 1268
497 1283
497 1339
497 1414
498 747
498 849
498 1031
498 1109
498 1133
498 1233
499 504
499 560
499 890
499 903
499 1041
499 1067
499 1091
499 1093
499 1333
499 1455
500 669
500 735
500 1022
500 1026
500 1032
500 1165
500 1194
500 1282
500 1374
500 1398
500 1495
501 612
501 623
501 725
501 927
501 1009
501 1223
501 1235
501 1346
502 520
502 571
502 742
502 759
502 790
502 1139
502 1362
503 530
503 578
503 872
503 959
503 987
503 1126
503 1319
503 1329
503 1388
503 1445
504 560
504 890
504 903
504 1041
504 1067
504 1091
504 1093
504 1333
504 1455
505 819
505 886
505 1034
505 1122
505 1138
505 1325
505 1341
505 1446
505 1457
506 624
506 636
506 727
506 739
506 801
506 860
506 868
506 1315
506 1380
506 1408
506 1424
507 528
507 573
507 763
507 786
507 841
507 1111
507 1134
507 1289
507 1326
507 1327
507 1354
507 1371
508 512
508 540
508 558
508 583
508 670
508 846
508 889
508 1057
508 1301
509 608
509 695
509 733
509 750
509 995
509 1076
509 1245
510 532
510 588
510 633
510 1130
510 1254
510 1308
510 1353
510 1389
510 1407
511 697
511 794
511 990
511 1060
511 1096
511 1190
511 1273
511 1291
511 1433
512 540
512 558
512 583
512 670
512 846
512 889
512 1057
512 1301
513 618
513 711
513 762
513 833
513 880
513 921
513 1177
513 1217
513 1230
513 1236
513 1284
514 554
514 680
514 689
514 737
514 855
514 1046
514 1102
514 1157
514 1288
514 1345
515 948
515 962
515 998
515 1097
515 1163
515 1249
515 1260
515 1337
515 1383
515 1485
516 610
516 728
516 909
516 978
516 1013
516 1042
516 1054
516 1080
516 1331
516 1382
516 1419
517 622
517 780
517 804
517 870
517 918
517 1241
517 1266
517 1268
517 1283
517 1339
517 1414
518 577
518 656
518 873
518 937
518 963
518 1148
518 1264
518 1372
518 1422
519 536
519 549
519 663
519 736
519 814
519 823
519 876
519 988
519 991
519 1002
519 1229
519 1473
520 571
520 742
520 759
520 790
520 1139
520 1362
521 586
521 639
521 777
521 920
521 1019
521 1062
521 1107
521 1145
521 1170
521 1323
521 1344
522 676
522 719
522 796
522 1205
522 1281
522 1287
522 1338
522 1436
523 524
523 572
523 614
523 642
523 847
523 913
523 985
523 1159
523 1238
523 1432
523 1449
523 1479
523 1484
524 572
524 614
524 642
524 847
524 913
524 985
524 1159
524 1238
524 1432
524 1449
524 1479
524 1484
525 569
525 704
525 730
525 784
525 840
525 879
525 1069
525 1197
525 1460
526 598
526 661
526 692
526 773
526 1079
526 1169
526 1174
526 1320
526 1431
527 616
527 662
527 682
527 772
527 1020
527 1207
527 1277
527 1364
527 1369
528 573
528 763
528 786
528 841
528 1111
528 1134
528 1289
528 1326
528 1327
528 1354
528 1371
529 620
529 760
529 792
529 799
529 967
529 1010
529 1049
529 1151
529 1328
529 1336
530 578
530 872
530 959
530 987
530 1126
530 1319
530 1329
530 1388
530 1445
531 603
531 888
531 905
531 958
531 1098
531 1114
531 1132
531 1158
531 1234
531 1255
532 588
532 633
532 1130
532 1254
532 1308
532 1353
532 1389
532 1407
533 765
533 807
533 825
533 902
533 945
533 1296
533 1310
533 1330
533 1393
534 783
534 851
534 871
534 953
534 982
534 1071
534 1220
535 1059
535 1257
535 1402
535 1427
536 549
536 663
536 736
536 814
536 823
536 876
536 988
536 991
536 1002
536 1229
536 1473
537 611
537 741
537 941
537 1104
537 1106
537 1184
537 1316
537 1367
537 1456
538 882
538 922
538 966
538 981
538 1064
538 1216
538 1226
538 1300
538 1347
538 1358
538 1421
539 600
539 635
539 677
539 864
539 975
539 1073
539 1074
539 1154
539 1167
539 1299
540 558
540 583
540 670
540 846
540 889
540 1057
540 1301
541 653
541 821
541 955
541 1203
541 1259
541 1442
541 1477
541 1481
542 590
542 673
542 779
542 1039
542 1261
542 1275
542 1400
542 1406
542 1450
542 1454
543 731
543 861
543 1202
543 1426
544 877
544 892
544 904
544 931
544 940
544 1240
544 1278
545 553
545 683
545 850
545 926
545 1193
545 1211
545 1368
545 1384
545 1444
545 1475
546 556
546 709
546 713
546 787
546 805
546 863
546 947
546 1085
546 1466
547 604
547 688
547 831
547 942
547 1171
547 1175
547 1176
547 1276
548 629
548 1043
548 1189
548 1352
548 1437
549 663
549 736
549 814
549 823
549 876
549 988
549 991
549 1002
549 1229
549 1473
550 848
550 936
550 994
550 1005
550 1087
550 1136
550 1161
550 1348
551 591
551 887
551 895
551 943
551 949
551 1070
551 1135
551 1209
551 1453
552 655
552 803
552 917
552 984
552 999
552 1048
552 1118
552 1401
552 1490
553 683
553 850
553 926
553 1193
553 1211
553 1368
553 1384
553 1444
553 1475
554 680
554 689
554 737
554 855
554 1046
554 1102
554 1157
554 1288
554 1345
555 565
555 701
555 743
555 837
555 924
555 992
555 1030
555 1306
555 1440
556 709
556 713
556 787
556 805
556 863
556 947
556 1085
556 1466
557 647
557 678
557 720
557 761
557 950
557 973
557 1101
557 1351
557 1381
557 1428
558 583
558 670
558 846
558 889
558 1057
558 1301
559 748
559 881
559 1028
559 1141
559 1160
559 1206
559 1355
559 1363
559 1493
560 890
560 903
560 1041
560 1067
560 1091
560 1093
560 1333
560 1455
561 595
561 607
561 627
561 641
561 749
561 1183
561 1196
561 1251
561 1269
561 1370
561 1404
561 1452
561 1499
562 690
562 845
562 1012
562 1047
562 1149
562 1188
562 1438
562 1462
562 1488
562 1489
563 605
563 625
563 829
563 934
563 957
563 1186
563 1248
563 1290
563 1335
563 1491
563 1498
564 566
564 758
564 806
564 907
564 910
564 1004
564 1078
564 1086
564 1120
564 1279
565 701
565 743
565 837
565 924
565 992
565 1030
565 1306
565 1440
566 758
566 806
566 907
566 910
566 1004
566 1078
566 1086
566 1120
566 1279
567 649
567 651
567 708
567 756
567 832
567 1129
567 1178
567 1417
567 1483
568 738
568 764
568 899
568 1081
568 1124
568 1137
568 1146
568 1418
569 704
569 730
569 784
569 840
569 879
569 1069
569 1197
569 1460
570 632
570 774
570 775
570 1025
570 1271
570 1435
571 742
571 759
571 790
571 1139
571 1362
572 614
572 642
572 847
572 913
572 985
572 1159
572 1238
572 1432
572 1449
572 1479
572 1484
573 763
573 786
573 841
573 1111
573 1134
573 1289
573 1326
573 1327
573 1354
573 1371
574 706
574 752
574 755
574 824
574 842
574 908
574 951
574 977
574 989
574 1066
574 1100
574 1108
574 1390
575 584
575 658
575 687
575 693
575 857
575 935
575 1023
575 1083
575 1403
575 1447
576 726
576 1112
576 1164
576 1201
576 1321
576 1322
577 656
577 873
577 937
577 963
577 1148
577 1264
577 1372
577 1422
578 872
578 959
578 987
578 1126
578 1319
578 1329
578 1388
578 1445
579 686
579 700
579 798
579 968
579 1092
579 1250
579 1387
579 1443
580 668
580 915
580 1314
580 1317
580 1343
581 834
581 1053
581 1089
581 1103
581 1218
581 1405
581 1476
582 671
582 715
582 835
582 839
582 1058
582 1065
582 1468
583 670
583 846
583 889
583 1057
583 1301
584 658
584 687
584 693
584 857
584 935
584 1023
584 1083
584 1403
584 1447
585 869
585 972
585 1036
585 1038
585 1179
585 1181
585 1274
586 639
586 777
586 920
586 1019
586 1062
586 1107
586 1145
586 1170
586 1323
586 1344
587 621
587 664
587 717
587 768
587 789
587 811
587 818
587 1127
587 1267
587 1318
588 633
588 1130
588 1254
588 1308
588 1353
588 1389
588 1407
589 674
589 740
589 751
589 757
589 885
589 891
589 1113
589 1115
589 1262
589 1334
589 1415
589 1461
590 673
590 779
590 1039
590 1261
590 1275
590 1400
590 1406
590 1450
590 1454
591 887
591 895
591 943
591 949
591 1070
591 1135
591 1209
591 1453
592 597
592 613
592 675
592 732
592 933
592 1018
592 1110
592 1356
593 594
593 630
593 685
593 729
593 815
593 1173
593 1185
593 1307
593 1397
594 630
594 685
594 729
594 815
594 1173
594 1185
594 1307
594 1397
595 607
595 627
595 641
595 749
595 1183
595 1196
595 1251
595 1269
595 1370
595 1404
595 1452
595 1499
596 634
596 644
596 716
596 919
596 1003
596 1084
596 1263
596 1377
596 1395
597 613
597 675
597 732
597 933
597 1018
597 1110
597 1356
598 661
598 692
598 773
598 1079
598 1169
598 1174
598 1320
598 1431
599 753
599 859
599 1123
599 1150
599 1153
599 1168
599 1191
599 1210
599 1451
600 635
600 677
600 864
600 975
600 1073
600 1074
600 1154
600 1167
600 1299
601 1027
601 1050
601 1072
601 1199
602 897
602 928
602 997
602 1094
602 1172
602 1213
602 1228
602 1304
602 1365
602 1478
603 888
603 905
603 958
603 1098
603 1114
603 1132
603 1158
603 1234
603 1255
604 688
604 831
604 942
604 1171
604 1175
604 1176
604 1276
605 625
605 829
605 934
605 957
605 1186
605 1248
605 1290
605 1335
605 1491
605 1498
606 667
606 696
606 771
606 866
606 914
606 971
606 1011
606 1411
606 1420
607 627
607 641
607 749
607 1183
607 1196
607 1251
607 1269
607 1370
607 1404
607 1452
607 1499
608 695
608 733
608 750
608 995
608 1076
608 1245
609 718
609 1006
609 1015
609 1125
609 1265
609 1361
609 1487
610 728
610 909
610 978
610 1013
610 1042
610 1054
610 1080
610 1331
610 1382
610 1419
611 741
611 941
611 1104
611 1106
611 1184
611 1316
611 1367
611 1456
612 623
612 725
612 927
612 1009
612 1223
612 1235
612 1346
613 675
613 732
613 933
613 1018
613 1110
613 1356
614 642
614 847
614 913
614 985
614 1159
614 1238
614 1432
614 1449
614 1479
614 1484
615 657
615 820
615 923
615 979
615 1035
615 1045
615 1162
615 1166
615 1180
615 1292
615 1298
616 662
616 682
616 772
616 1020
616 1207
616 1277
616 1364
616 1369
617 778
617 893
617 1024
617 1040
617 1099
617 1295
617 1312
617 1332
617 1373
618 711
618 762
618 833
618 880
618 921
618 1177
618 1217
618 1230
618 1236
618 1284
619 637
619 808
619 858
619 867
619 874
619 970
619 1116
619 1195
619 1366
619 1448
620 760
620 792
620 799
620 967
620 1010
620 1049
620 1151
620 1328
620 1336
621 664
621 717
621 768
621 789
621 811
621 818
621 1127
621 1267
621 1318
622 780
622 804
622 870
622 918
622 1241
622 1266
622 1268
622 1283
622 1339
622 1414
623 725
623 927
623 1009
623 1223
623 1235
623 1346
624 636
624 727
624 739
624 801
624 860
624 868
624 1315
624 1380
624 1408
624 1424
625 829
625 934
625 957
625 1186
625 1248
625 1290
625 1335
625 1491
625 1498
626 681
626 691
626 810
626 930
626 954
626 1000
626 1244
626 1357
626 1412
627 641
627 749
627 1183
627 1196
627 1251
627 1269
627 1370
627 1404
627 1452
627 1499
628 797
628 800
628 878
628 961
628 1033
628 1077
628 1305
628 1429
628 1465
628 1494
629 1043
629 1189
629 1352
629 1437
630 685
630 729
630 815
630 1173
630 1185
630 1307
630 1397
631 645
631 650
631 710
631 723
631 724
631 844
631 894
631 1016
631 1131
631 1147
631 1219
632 774
632 775
632 1025
632 1271
632 1435
633 1130
633 1254
633 1308
633 1353
633 1389
633 1407
634 644
634 716
634 919
634 1003
634 1084
634 1263
634 1377
634 1395
635 677
635 864
635 975
635 1073
635 1074
635 1154
635 1167
635 1299
636 727
636 739
636 801
636 860
636 868
636 1315
636 1380
636 1408
636 1424
637 808
637 858
637 867
637 874
637 970
637 1116
637 1195
637 1366
637 1448
638 744
638 816
638 828
638 875
638 1192
638 1378
638 1396
638 1423
639 777
639 920
639 1019
639 1062
639 1107
639 1145
639 1170
639 1323
639 1344
640 659
640 707
640 766
640 830
640 856
640 883
640 906
640 1090
640 1350
640 1469
641 749
641 1183
641 1196
641 1251
641 1269
641 1370
641 1404
641 1452
641 1499
642 847
642 913
642 985
642 1159
642 1238
642 1432
642 1449
642 1479
642 1484
643 646
643 648
643 734
643 754
643 976
643 1051
643 1155
643 1224
643 1243
643 1293
643 1416
643 1439
643 1464
644 716
644 919
644 1003
644 1084
644 1263
644 1377
644 1395
645 650
645 710
645 723
645 724
645 844
645 894
645 1016
645 1131
645 1147
645 1219
646 648
646 734
646 754
646 976
646 1051
646 1155
646 1224
646 1243
646 1293
646 1416
646 1439
646 1464
647 678
647 720
647 761
647 950
647 973
647 1101
647 1351
647 1381
647 1428
648 734
648 754
648 976
648 1051
648 1155
648 1224
648 1243
648 1293
648 1416
648 1439
648 1464
649 651
649 708
649 756
649 832
649 1129
649 1178
649 1417
649 1483
650 710
650 723
650 724
650 844
650 894
650 1016
650 1131
650 1147
650 1219
651 708
651 756
651 832
651 1129
651 1178
651 1417
651 1483
652 745
652 767
652 802
652 896
652 925
652 1105
652 1152
652 1208
652 1471
653 821
653 955
653 1203
653 1259
653 1442
653 1477
653 1481
654 776
654 826
654 836
654 1008
654 1088
654 1256
654 1270
654 1272
654 1359
654 1409
655 803
655 917
655 984
655 999
655 1048
655 1118
655 1401
655 1490
656 873
656 937
656 963
656 1148
656 1264
656 1372
656 1422
657 820
657 923
657 979
657 1035
657 1045
657 1162
657 1166
657 1180
657 1292
657 1298
658 687
658 693
658 857
658 935
658 1023
658 1083
658 1403
658 1447
659 707
659 766
659 830
659 856
659 883
659 906
659 1090
659 1350
659 1469
660 714
660 746
660 900
660 964
660 1239
660 1324
660 1385
661 692
661 773
661 1079
661 1169
661 1174
661 1320
661 1431
662 682
662 772
662 1020
662 1207
662 1277
662 1364
662 1369
663 736
663 814
663 823
663 876
663 988
663 991
663 1002
663 1229
663 1473
664 717
664 768
664 789
664 811
664 818
664 1127
664 1267
664 1318
665 698
665 822
665 827
665 853
665 898
665 952
665 1014
665 1017
665 1221
665 1309
665 1311
665 1399
665 1434
666 795
666 929
666 939
666 1029
666 1063
666 1214
666 1222
667 696
667 771
667 866
667 914
667 971
667 1011
667 1411
667 1420
668 915
668 1314
668 1317
668 1343
669 735
669 1022
669 1026
669 1032
669 1165
669 1194
669 1282
669 1374
669 1398
669 1495
670 846
670 889
670 1057
670 1301
671 715
671 835
671 839
671 1058
671 1065
671 1468
672 721
672 912
672 1252
672 1294
672 1360
672 1379
673 779
673 1039
673 1261
673 1275
673 1400
673 1406
673 1450
673 1454
674 740
674 751
674 757
674 885
674 891
674 1113
674 1115
674 1262
674 1334
674 1415
674 1461
675 732
675 933
675 1018
675 1110
675 1356
676 719
676 796
676 1205
676 1281
676 1287
676 1338
676 1436
677 864
677 975
677 1073
677 1074
677 1154
677 1167
677 1299
678 720
678 761
678 950
678 973
678 1101
678 1351
678 1381
678 1428
679 694
679 817
679 884
679 960
679 980
679 1144
679 1227
679 1480
679 1482
679 1492
680 689
680 737
680 855
680 1046
680 1102
680 1157
680 1288
680 1345
681 691
681 810
681 930
681 954
681 1000
681 1244
681 1357
681 1412
682 772
682 1020
682 1207
682 1277
682 1364
682 1369
683 850
683 926
683 1193
683 1211
683 1368
683 1384
683 1444
683 1475
684 722
684 769
684 781
684 1056
684 1119
684 1156
684 1246
684 1302
684 1340
684 1376
684 1413
684 1467
685 729
685 815
685 1173
685 1185
685 1307
685 1397
686 700
686 798
686 968
686 1092
686 1250
686 1387
686 1443
687 693
687 857
687 935
687 1023
687 1083
687 1403
687 1447
688 831
688 942
688 1171
688 1175
688 1176
688 1276
689 737
689 855
689 1046
689 1102
689 1157
689 1288
689 1345
690 845
690 1012
690 1047
690 1149
690 1188
690 1438
690 1462
690 1488
690 1489
691 810
691 930
691 954
691 1000
691 1244
691 1357
691 1412
692 773
692 1079
692 1169
692 1174
692 1320
692 1431
693 857
693 935
693 1023
693 1083
693 1403
693 1447
694 817
694 884
694 960
694 980
694 1144
694 1227
694 1480
694 1482
694 1492
695 733
695 750
695 995
695 1076
695 1245
696 771
696 866
696 914
696 971
696 1011
696 1411
696 1420
697 794
697 990
697 1060
697 1096
697 1190
697 1273
697 1291
697 1433
698 822
698 827
698 853
698 898
698 952
698 1014
698 1017
698 1221
698 1309
698 1311
698 1399
698 1434
699 852
699 854
699 862
699 996
699 1001
699 1037
699 1044
699 1142
699 1187
699 1253
699 1297
699 1313
700 798
700 968
700 1092
700 1250
700 1387
700 1443
701 743
701 837
701 924
701 992
701 1030
701 1306
701 1440
702 712
702 901
702 956
702 974
702 1082
702 1198
702 1231
702 1441
702 1459
703 782
703 791
703 793
703 838
703 865
703 969
703 1052
703 1055
703 1121
703 1247
703 1497
704 730
704 784
704 840
704 879
704 1069
704 1197
704 1460
705 785
705 843
705 1021
705 1212
705 1215
705 1286
706 752
706 755
706 824
706 842
706 908
706 951
706 977
706 989
706 1066
706 1100
706 1108
706 1390
707 766
707 830
707 856
707 883
707 906
707 1090
707 1350
707 1469
708 756
708 832
708 1129
708 1178
708 1417
708 1483
709 713
709 787
709 805
709 863
709 947
709 1085
709 1466
710 723
710 724
710 844
710 894
710 1016
710 1131
710 1147
710 1219
711 762
711 833
711 880
711 921
711 1177
711 1217
711 1230
711 1236
711 1284
712 901
712 956
712 974
712 1082
712 1198
712 1231
712 1441
712 1459
713 787
713 805
713 863
713 947
713 1085
713 1466
714 746
714 900
714 964
714 1239
714 1324
714 1385
715 835
715 839
715 1058
715 1065
715 1468
716 919
716 1003
716 1084
716 1263
716 1377
716 1395
717 768
717 789
717 811
717 818
717 1127
717 1267
717 1318
718 1006
718 1015
718 1125
718 1265
718 1361
718 1487
719 796
719 1205
719 1281
719 1287
719 1338
719 1436
720 761
720 950
720 973
720 1101
720 1351
720 1381
720 1428
721 912
721 1252
721 1294
721 1360
721 1379
722 769
722 781
722 1056
722 1119
722 1156
722 1246
722 1302
722 1340
722 1376
722 1413
722 1467
723 724
723 844
723 894
723 1016
723 1131
723 1147
723 1219
724 844
724 894
724 1016
724 1131
724 1147
724 1219
725 927
725 1009
725 1223
725 1235
725 1346
726 1112
726 1164
726 1201
726 1321
726 1322
727 739
727 801
727 860
727 868
727 1315
727 1380
727 1408
727 1424
728 909
728 978
728 1013
728 1042
728 1054
728 1080
728 1331
728 1382
728 1419
729 815
729 1173
729 1185
729 1307
729 1397
730 784
730 840
730 879
730 1069
730 1197
730 1460
731 861
731 1202
731 1426
732 933
732 1018
732 1110
732 1356
733 750
733 995
733 1076
733 1245
734 754
734 976
734 1051
734 1155
734 1224
734 1243
734 1293
734 1416
734 1439
734 1464
735 1022
735 1026
735 1032
735 1165
735 1194
735 1282
735 1374
735 1398
735 1495
736 814
736 823
736 876
736 988
736 991
736 1002
736 1229
736 1473
737 855
737 1046
737 1102
737 1157
737 1288
737 1345
738 764
738 899
738 1081
738 1124
738 1137
738 1146
738 1418
739 801
739 860
739 868
739 1315
739 1380
739 1408
739 1424
740 751
740 757
740 885
740 891
740 1113
740 1115
740 1262
740 1334
740 1415
740 1461
741 941
741 1104
741 1106
741 1184
741 1316
741 1367
741 1456
742 759
742 790
742 1139
742 1362
743 837
743 924
743 992
743 1030
743 1306
743 1440
744 816
744 828
744 875
744 1192
744 1378
744 1396
744 1423
745 767
745 802
745 896
745 925
745 1105
745 1152
745 1208
745 1471
746 900
746 964
746 1239
746 1324
746 1385
747 849
747 1031
747 1109
747 1133
747 1233
748 881
748 1028
748 1141
748 1160
748 1206
748 1355
748 1363
748 1493
749 1183
749 1196
749 1251
749 1269
749 1370
749 1404
749 1452
749 1499
750 995
750 1076
750 1245
751 757
751 885
751 891
751 1113
751 1115
751 1262
751 1334
751 1415
751 1461
752 755
752 824
752 842
752 908
752 951
752 977
752 989
752 1066
752 1100
752 1108
752 1390
753 859
753 1123
753 1150
753 1153
753 1168
753 1191
753 1210
753 1451
754 976
754 1051
754 1155
754 1224
754 1243
754 1293
754 1416
754 1439
754 1464
755 824
755 842
755 908
755 951
755 977
755 989
755 1066
755 1100
755 1108
755 1390
756 832
756 1129
756 1178
756 1417
756 1483
757 885
757 891
757 1113
757 1115
757 1262
757 1334
757 1415
757 1461
758 806
758 907
758 910
758 1004
758 1078
758 1086
758 1120
758 1279
759 790
759 1139
759 1362
760 792
760 799
760 967
760 1010
760 1049
760 1151
760 1328
760 1336
761 950
761 973
761 1101
761 1351
761 1381
761 1428
762 833
762 880
762 921
762 1177
762 1217
762 1230
762 1236
762 1284
763 786
763 841
763 1111
763 1134
763 1289
763 1326
763 1327
763 1354
763 1371
764 899
764 1081
764 1124
764 1137
764 1146
764 1418
765 807
765 825
765 902
765 945
765 1296
765 1310
765 1330
765 1393
766 830
766 856
766 883
766 906
766 1090
766 1350
766 1469
767 802
767 896
767 925
767 1105
767 1152
767 1208
767 1471
768 789
768 811
768 818
768 1127
768 1267
768 1318
769 781
769 1056
769 1119
769 1156
769 1246
769 1302
769 1340
769 1376
769 1413
769 1467
770 809
770 813
770 911
770 1075
770 1095
770 1280
770 1391
770 1470
770 1486
771 866
771 914
771 971
771 1011
771 1411
771 1420
772 1020
772 1207
772 1277
772 1364
772 1369
773 1079
773 1169
773 1174
773 1320
773 1431
774 775
774 1025
774 1271
774 1435
775 1025
775 1271
775 1435
776 826
776 836
776 1008
776 1088
776 1256
776 1270
776 1272
776 1359
776 1409
777 920
777 1019
777 1062
777 1107
777 1145
777 1170
777 1323
777 1344
778 893
778 1024
778 1040
778 1099
778 1295
778 1312
778 1332
778 1373
779 1039
779 1261
779 1275
779 1400
779 1406
779 1450
779 1454
780 804
780 870
780 918
780 1241
780 1266
780 1268
780 1283
780 1339
780 1414
781 1056
781 1119
781 1156
781 1246
781 1302
781 1340
781 1376
781 1413
781 1467
782 791
782 793
782 838
782 865
782 969
782 1052
782 1055
782 1121
782 1247
782 1497
783 851
783 871
783 953
783 982
783 1071
783 1220
784 840
784 879
784 1069
784 1197
784 1460
785 843
785 1021
785 1212
785 1215
785 1286
786 841
786 1111
786 1134
786 1289
786 1326
786 1327
786 1354
786 1371
787 805
787 863
787 947
787 1085
787 1466
788 812
788 946
788 965
788 983
788 1182
788 1394
788 1425
789 811
789 818
789 1127
789 1267
789 1318
790 1139
790 1362
791 793
791 838
791 865
791 969
791 1052
791 1055
791 1121
791 1247
791 1497
792 799
792 967
792 1010
792 1049
792 1151
792 1328
792 1336
793 838
793 865
793 969
793 1052
793 1055
793 1121
793 1247
793 1497
794 990
794 1060
794 1096
794 1190
794 1273
794 1291
794 1433
795 929
795 939
795 1029
795 1063
795 1214
795 1222
796 1205
796 1281
796 1287
796 1338
796 1436
797 800
797 878
797 961
797 1033
797 1077
797 1305
797 1429
797 1465
797 1494
798 968
798 1092
798 1250
798 1387
798 1443
799 967
799 1010
799 1049
799 1151
799 1328
799 1336
800 878
800 961
800 1033
800 1077
800 1305
800 1429
800 1465
800 1494
801 860
801 868
801 1315
801 1380
801 1408
801 1424
802 896
802 925
802 1105
802 1152
802 1208
802 1471
803 917
803 984
803 999
803 1048
803 1118
803 1401
803 1490
804 870
804 918
804 1241
804 1266
804 1268
804 1283
804 1339
804 1414
805 863
805 947
805 1085
805 1466
806 907
806 910
806 1004
806 1078
806 1086
806 1120
806 1279
807 825
807 902
807 945
807 1296
807 1310
807 1330
807 1393
808 858
808 867
808 874
808 970
808 1116
808 1195
808 1366
808 1448
809 813
809 911
809 1075
809 1095
809 1280
809 1391
809 1470
809 1486
810 930
810 954
810 1000
810 1244
810 1357
810 1412
811 818
811 1127
811 1267
811 1318
812 946
812 965
812 983
812 1182
812 1394
812 1425
813 911
813 1075
813 1095
813 1280
813 1391
813 1470
813 1486
814 823
814 876
814 988
814 991
814 1002
814 1229
814 1473
815 1173
815 1185
815 1307
815 1397
816 828
816 875
816 1192
816 1378
816 1396
816 1423
817 884
817 960
817 980
817 1144
817 1227
817 1480
817 1482
817 1492
818 1127
818 1267
818 1318
819 886
819 1034
819 1122
819 1138
819 1325
819 1341
819 1446
819 1457
820 923
820 979
820 1035
820 1045
820 1162
820 1166
820 1180
820 1292
820 1298
821 955
821 1203
821 1259
821 1442
821 1477
821 1481
822 827
822 853
822 898
822 952
822 1014
822 1017
822 1221
822 1309
822 1311
822 1399
822 1434
823 876
823 988
823 991
823 1002
823 1229
823 1473
824 842
824 908
824 951
824 977
824 989
824 1066
824 1100
824 1108
824 1390
825 902
825 945
825 1296
825 1310
825 1330
825 1393
826 836
826 1008
826 1088
826 1256
826 1270
826 1272
826 1359
826 1409
827 853
827 898
827 952
827 1014
827 1017
827 1221
827 1309
827 1311
827 1399
827 1434
828 875
828 1192
828 1378
828 1396
828 1423
829 934
829 957
829 1186
829 1248
829 1290
829 1335
829 1491
829 1498
830 856
830 883
830 906
830 1090
830 1350
830 1469
831 942
831 1171
831 1175
831 1176
831 1276
832 1129
832 1178
832 1417
832 1483
833 880
833 921
833 1177
833 1217
833 1230
833 1236
833 1284
834 1053
834 1089
834 1103
834 1218
834 1405
834 1476
835 839
835 1058
835 1065
835 1468
836 1008
836 1088
836 1256
836 1270
836 1272
836 1359
836 1409
837 924
837 992
837 1030
837 1306
837 1440
838 865
838 969
838 1052
838 1055
838 1121
838 1247
838 1497
839 1058
839 1065
839 1468
840 879
840 1069
840 1197
840 1460
841 1111
841 1134
841 1289
841 1326
841 1327
841 1354
841 1371
842 908
842 951
842 977
842 989
842 1066
842 1100
842 1108
842 1390
843 1021
843 1212
843 1215
843 1286
844 894
844 1016
844 1131
844 1147
844 1219
845 1012
845 1047
845 1149
845 1188
845 1438
845 1462
845 1488
845 1489
846 889
846 1057
846 1301
847 913
847 985
847 1159
847 1238
847 1432
847 1449
847 1479
847 1484
848 936
848 994
848 1005
848 1087
848 1136
848 1161
848 1348
849 1031
849 1109
849 1133
849 1233
850 926
850 1193
850 1211
850 1368
850 1384
850 1444
850 1475
851 871
851 953
851 982
851 1071
851 1220
852 854
852 862
852 996
852 1001
852 1037
852 1044
852 1142
852 1187
852 1253
852 1297
852 1313
853 898
853 952
853 1014
853 1017
853 1221
853 1309
853 1311
853 1399
853 1434
854 862
854 996
854 1001
854 1037
854 1044
854 1142
854 1187
854 1253
854 1297
854 1313
855 1046
855 1102
855 1157
855 1288
855 1345
856 883
856 906
856 1090
856 1350
856 1469
857 935
857 1023
857 1083
857 1403
857 1447
858 867
858 874
858 970
858 1116
858 1195
858 1366
858 1448
859 1123
859 1150
859 1153
859 1168
859 1191
859 1210
859 1451
860 868
860 1315
860 1380
860 1408
860 1424
861 1202
861 1426
862 996
862 1001
862 1037
862 1044
862 1142
862 1187
862 1253
862 1297
862 1313
863 947
863 1085
863 1466
864 975
864 1073
864 1074
864 1154
864 1167
864 1299
865 969
865 1052
865 1055
865 1121
865 1247
865 1497
866 914
866 971
866 1011
866 1411
866 1420
867 874
867 970
867 1116
867 1195
867 1366
867 1448
868 1315
868 1380
868 1408
868 1424
869 972
869 1036
869 1038
869 1179
869 1181
869 1274
870 918
870 1241
870 1266
870 1268
870 1283
870 1339
870 1414
871 953
871 982
871 1071
871 1220
872 959
872 987
872 1126
872 1319
872 1329
872 1388
872 1445
873 937
873 963
873 1148
873 1264
873 1372
873 1422
874 970
874 1116
874 1195
874 1366
874 1448
875 1192
875 1378
875 1396
875 1423
876 988
876 991
876 1002
876 1229
876 1473
877 892
877 904
877 931
877 940
877 1240
877 1278
878 961
878 1033
878 1077
878 1305
878 1429
878 1465
878 1494
879 1069
879 1197
879 1460
880 921
880 1177
880 1217
880 1230
880 1236
880 1284
881 1028
881 1141
881 1160
881 1206
881 1355
881 1363
881 1493
882 922
882 966
882 981
882 1064
882 1216
882 1226
882 1300
882 1347
882 1358
882 1421
883 906
883 1090
883 1350
883 1469
884 960
884 980
884 1144
884 1227
884 1480
884 1482
884 1492
885 891
885 1113
885 1115
885 1262
885 1334
885 1415
885 1461
886 1034
886 1122
886 1138
886 1325
886 1341
886 1446
886 1457
887 895
887 943
887 949
887 1070
887 1135
887 1209
887 1453
888 905
888 958
888 1098
888 1114
888 1132
888 1158
888 1234
888 1255
889 1057
889 1301
890 903
890 1041
890 1067
890 1091
890 1093
890 1333
890 1455
891 1113
891 1115
891 1262
891 1334
891 1415
891 1461
892 904
892 931
892 940
892 1240
892 1278
893 1024
893 1040
893 1099
893 1295
893 1312
893 1332
893 1373
894 1016
894 1131
894 1147
894 1219
895 943
895 949
895 1070
895 1135
895 1209
895 1453
896 925
896 1105
896 1152
896 1208
896 1471
897 928
897 997
897 1094
897 1172
897 1213
897 1228
897 1304
897 1365
897 1478
898 952
898 1014
898 1017
898 1221
898 1309
898 1311
898 1399
898 1434
899 1081
899 1124
899 1137
899 1146
899 1418
900 964
900 1239
900 1324
900 1385
901 956
901 974
901 1082
901 1198
901 1231
901 1441
901 1459
902 945
902 1296
902 1310
902 1330
902 1393
903 1041
903 1067
903 1091
903 1093
903 1333
903 1455
904 931
904 940
904 1240
904 1278
905 958
905 1098
905 1114
905 1132
905 1158
905 1234
905 1255
906 1090
906 1350
906 1469
907 910
907 1004
907 1078
907 1086
907 1120
907 1279
908 951
908 977
908 989
908 1066
908 1100
908 1108
908 1390
909 978
909 1013
909 1042
909 1054
909 1080
909 1331
909 1382
909 1419
910 1004
910 1078
910 1086
910 1120
910 1279
911 1075
911 1095
911 1280
911 1391
911 1470
911 1486
912 1252
912 1294
912 1360
912 1379
913 985
913 1159
913 1238
913 1432
913 1449
913 1479
913 1484
914 971
914 1011
914 1411
914 1420
915 1314
915 1317
915 1343
916 944
916 986
916 1061
916 1068
916 1225
916 1237
916 1342
916 1349
916 1386
916 1430
917 984
917 999
917 1048
917 1118
917 1401
917 1490
918 1241
918 1266
918 1268
918 1283
918 1339
918 1414
919 1003
919 1084
919 1263
919 1377
919 1395
920 1019
920 1062
920 1107
920 1145
920 1170
920 1323
920 1344
921 1177
921 1217
921 1230
921 1236
921 1284
922 966
922 981
922 1064
922 1216
922 1226
922 1300
922 1347
922 1358
922 1421
923 979
923 1035
923 1045
923 1162
923 1166
923 1180
923 1292
923 1298
924 992
924 1030
924 1306
924 1440
925 1105
925 1152
925 1208
925 1471
926 1193
926 1211
926 1368
926 1384
926 1444
926 1475
927 1009
927 1223
927 1235
927 1346
928 997
928 1094
928 1172
928 1213
928 1228
928 1304
928 1365
928 1478
929 939
929 1029
929 1063
929 1214
929 1222
930 954
930 1000
930 1244
930 1357
930 1412
931 940
931 1240
931 1278
932 1117
932 1128
932 1242
932 1410
932 1458
933 1018
933 1110
933 1356
934 957
934 1186
934 1248
934 1290
934 1335
934 1491
934 1498
935 1023
935 1083
935 1403
935 1447
936 994
936 1005
936 1087
936 1136
936 1161
936 1348
937 963
937 1148
937 1264
937 1372
937 1422
938 993
938 1140
938 1200
938 1204
938 1232
938 1258
939 1029
939 1063
939 1214
939 1222
940 1240
940 1278
941 1104
941 1106
941 1184
941 1316
941 1367
941 1456
942 1171
942 1175
942 1176
942 1276
943 949
943 1070
943 1135
943 1209
943 1453
944 986
944 1061
944 1068
944 1225
944 1237
944 1342
944 1349
944 1386
944 1430
945 1296
945 1310
945 1330
945 1393
946 965
946 983
946 1182
946 1394
946 1425
947 1085
947 1466
948 962
948 998
948 1097
948 1163
948 1249
948 1260
948 1337
948 1383
948 1485
949 1070
949 1135
949 1209
949 1453
950 973
950 1101
950 1351
950 1381
950 1428
951 977
951 989
951 1066
951 1100
951 1108
951 1390
952 1014
952 1017
952 1221
952 1309
952 1311
952 1399
952 1434
953 982
953 1071
953 1220
954 1000
954 1244
954 1357
954 1412
955 1203
955 1259
955 1442
955 1477
955 1481
956 974
956 1082
956 1198
956 1231
956 1441
956 1459
957 1186
957 1248
957 1290
957 1335
957 1491
957 1498
958 1098
958 1114
958 1132
958 1158
958 1234
958 1255
959 987
959 1126
959 1319
959 1329
959 1388
959 1445
960 980
960 1144
960 1227
960 1480
960 1482
960 1492
961 1033
961 1077
961 1305
961 1429
961 1465
961 1494
962 998
962 1097
962 1163
962 1249
962 1260
962 1337
962 1383
962 1485
963 1148
963 1264
963 1372
963 1422
964 1239
964 1324
964 1385
965 983
965 1182
965 1394
965 1425
966 981
966 1064
966 1216
966 1226
966 1300
966 1347
966 1358
966 1421
967 1010
967 1049
967 1151
967 1328
967 1336
968 1092
968 1250
968 1387
968 1443
969 1052
969 1055
969 1121
969 1247
969 1497
970 1116
970 1195
970 1366
970 1448
971 1011
971 1411
971 1420
972 1036
972 1038
972 1179
972 1181
972 1274
973 1101
973 1351
973 1381
973 1428
974 1082
974 1198
974 1231
974 1441
974 1459
975 1073
975 1074
975 1154
975 1167
975 1299
976 1051
976 1155
976 1224
976 1243
976 1293
976 1416
976 1439
976 1464
977 989
977 1066
977 1100
977 1108
977 1390
978 1013
978 1042
978 1054
978 1080
978 1331
978 1382
978 1419
979 1035
979 1045
979 1162
979 1166
979 1180
979 1292
979 1298
980 1144
980 1227
980 1480
980 1482
980 1492
981 1064
981 1216
981 1226
981 1300
981 1347
981 1358
981 1421
982 1071
982 1220
983 1182
983 1394
983 1425
984 999
984 1048
984 1118
984 1401
984 1490
985 1159
985 1238
985 1432
985 1449
985 1479
985 1484
986 1061
986 1068
986 1225
986 1237
986 1342
986 1349
986 1386
986 1430
987 1126
987 1319
987 1329
987 1388
987 1445
988 991
988 1002
988 1229
988 1473
989 1066
989 1100
989 1108
989 1390
990 1060
990 1096
990 1190
990 1273
990 1291
990 1433
991 1002
991 1229
991 1473
992 1030
992 1306
992 1440
993 1140
993 1200
993 1204
993 1232
993 1258
994 1005
994 1087
994 1136
994 1161
994 1348
995 1076
995 1245
996 1001
996 1037
996 1044
996 1142
996 1187
996 1253
996 1297
996 1313
997 1094
997 1172
997 1213
997 1228
997 1304
997 1365
997 1478
998 1097
998 1163
998 1249
998 1260
998 1337
998 1383
998 1485
999 1048
999 1118
999 1401
999 1490
1000 1244
1000 1357
1000 1412
1001 1037
1001 1044
1001 1142
1001 1187
1001 1253
1001 1297
1001 1313
1002 1229
1002 1473
1003 1084
1003 1263
1003 1377
1003 1395
1004 1078
1004 1086
1004 1120
1004 1279
1005 1087
1005 1136
1005 1161
1005 1348
1006 1015
1006 1125
1006 1265
1006 1361
1006 1487
1007 1143
1007 1285
1007 1303
1007 1375
1007 1392
1007 1463
1007 1472
1007 1474
1007 1496
1008 1088
1008 1256
1008 1270
1008 1272
1008 1359
1008 1409
1009 1223
1009 1235
1009 1346
1010 1049
1010 1151
1010 1328
1010 1336
1011 1411
1011 1420
1012 1047
1012 1149
1012 1188
1012 1438
1012 1462
1012 1488
1012 1489
1013 1042
1013 1054
1013 1080
1013 1331
1013 1382
1013 1419
1014 1017
1014 1221
1014 1309
1014 1311
1014 1399
1014 1434
1015 1125
1015 1265
1015 1361
1015 1487
1016 1131
1016 1147
1016 1219
1017 1221
1017 1309
1017 1311
1017 1399
1017 1434
1018 1110
1018 1356
1019 1062
1019 1107
1019 1145
1019 1170
1019 1323
1019 1344
1020 1207
1020 1277
1020 1364
1020 1369
1021 1212
1021 1215
1021 1286
1022 1026
1022 1032
1022 1165
1022 1194
1022 1282
1022 1374
1022 1398
1022 1495
1023 1083
1023 1403
1023 1447
1024 1040
1024 1099
1024 1295
1024 1312
1024 1332
1024 1373
1025 1271
1025 1435
1026 1032
1026 1165
1026 1194
1026 1282
1026 1374
1026 1398
1026 1495
1027 1050
1027 1072
1027 1199
1028 1141
1028 1160
1028 1206
1028 1355
1028 1363
1028 1493
1029 1063
1029 1214
1029 1222
1030 1306
1030 1440
1031 1109
1031 1133
1031 1233
1032 1165
1032 1194
1032 1282
1032 1374
1032 1398
1032 1495
1033 1077
1033 1305
1033 1429
1033 1465
1033 1494
1034 1122
1034 1138
1034 1325
1034 1341
1034 1446
1034 1457
1035 1045
1035 1162
1035 1166
1035 1180
1035 1292
1035 1298
1036 1038
1036 1179
1036 1181
1036 1274
1037 1044
1037 1142
1037 1187
1037 1253
1037 1297
1037 1313
1038 1179
1038 1181
1038 1274
1039 1261
1039 1275
1039 1400
1039 1406
1039 1450
1039 1454
1040 1099
1040 1295
1040 1312
1040 1332
1040 1373
1041 1067
1041 1091
1041 1093
1041 1333
1041 1455
1042 1054
1042 1080
1042 1331
1042 1382
1042 1419
1043 1189
1043 1352
1043 1437
1044 1142
1044 1187
1044 1253
1044 1297
1044 1313
1045 1162
1045 1166
1045 1180
1045 1292
1045 1298
1046 1102
1046 1157
1046 1288
1046 1345
1047 1149
1047 1188
1047 1438
1047 1462
1047 1488
1047 1489
1048 1118
1048 1401
1048 1490
1049 1151
1049 1328
1049 1336
1050 1072
1050 1199
1051 1155
1051 1224
1051 1243
1051 1293
1051 1416
1051 1439
1051 1464
1052 1055
1052 1121
1052 1247
1052 1497
1053 1089
1053 1103
1053 1218
1053 1405
1053 1476
1054 1080
1054 1331
1054 1382
1054 1419
1055 1121
1055 1247
1055 1497
1056 1119
1056 1156
1056 1246
1056 1302
1056 1340
1056 1376
1056 1413
1056 1467
1057 1301
1058 1065
1058 1468
1059 1257
1059 1402
1059 1427
1060 1096
1060 1190
1060 1273
1060 1291
1060 1433
1061 1068
1061 1225
1061 1237
1061 1342
1061 1349
1061 1386
1061 1430
1062 1107
1062 1145
1062 1170
1062 1323
1062 1344
1063 1214
1063 1222
1064 1216
1064 1226
1064 1300
1064 1347
1064 1358
1064 1421
1065 1468
1066 1100
1066 1108
1066 1390
1067 1091
1067 1093
1067 1333
1067 1455
1068 1225
1068 1237
1068 1342
1068 1349
1068 1386
1068 1430
1069 1197
1069 1460
1070 1135
1070 1209
1070 1453
1071 1220
1072 1199
1073 1074
1073 1154
1073 1167
1073 1299
1074 1154
1074 1167
1074 1299
1075 1095
1075 1280
1075 1391
1075 1470
1075 1486
1076 1245
1077 1305
1077 1429
1077 1465
1077 1494
1078 1086
1078 1120
1078 1279
1079 1169
1079 1174
1079 1320
1079 1431
1080 1331
1080 1382
1080 1419
1081 1124
1081 1137
1081 1146
1081 1418
1082 1198
1082 1231
1082 1441
1082 1459
1083 1403
1083 1447
1084 1263
1084 1377
1084 1395
1085 1466
1086 1120
1086 1279
1087 1136
1087 1161
1087 1348
1088 1256
1088 1270
1088 1272
1088 1359
1088 1409
1089 1103
1089 1218
1089 1405
1089 1476
1090 1350
1090 1469
1091 1093
1091 1333
1091 1455
1092 1250
1092 1387
1092 1443
1093 1333
1093 1455
1094 1172
1094 1213
1094 1228
1094 1304
1094 1365
1094 1478
1095 1280
1095 1391
1095 1470
1095 1486
1096 1190
1096 1273
1096 1291
1096 1433
1097 1163
1097 1249
1097 1260
1097 1337
1097 1383
1097 1485
1098 1114
1098 1132
1098 1158
1098 1234
1098 1255
1099 1295
1099 1312
1099 1332
1099 1373
1100 1108
1100 1390
1101 1351
1101 1381
1101 1428
1102 1157
1102 1288
1102 1345
1103 1218
1103 1405
1103 1476
1104 1106
1104 1184
1104 1316
1104 1367
1104 1456
1105 1152
1105 1208
1105 1471
1106 1184
1106 1316
1106 1367
1106 1456
1107 1145
1107 1170
1107 1323
1107 1344
1108 1390
1109 1133
1109 1233
1110 1356
1111 1134
1111 1289
1111 1326
1111 1327
1111 1354
1111 1371
1112 1164
1112 1201
1112 1321
1112 1322
1113 1115
1113 1262
1113 1334
1113 1415
1113 1461
1114 1132
1114 1158
1114 1234
1114 1255
1115 1262
1115 1334
1115 1415
1115 1461
1116 1195
1116 1366
1116 1448
1117 1128
1117 1242
1117 1410
1117 1458
1118 1401
1118 1490
1119 1156
1119 1246
1119 1302
1119 1340
1119 1376
1119 1413
1119 1467
1120 1279
1121 1247
1121 1497
1122 1138
1122 1325
1122 1341
1122 1446
1122 1457
1123 1150
1123 1153
1123 1168
1123 1191
1123 1210
1123 1451
1124 1137
1124 1146
1124 1418
1125 1265
1125 1361
1125 1487
1126 1319
1126 1329
1126 1388
1126 1445
1127 1267
1127 1318
1128 1242
1128 1410
1128 1458
1129 1178
1129 1417
1129 1483
1130 1254
1130 1308
1130 1353
1130 1389
1130 1407
1131 1147
1131 1219
1132 1158
1132 1234
1132 1255
1133 1233
1134 1289
1134 1326
1134 1327
1134 1354
1134 1371
1135 1209
1135 1453
1136 1161
1136 1348
1137 1146
1137 1418
1138 1325
1138 1341
1138 1446
1138 1457
1139 1362
1140 1200
1140 1204
1140 1232
1140 1258
1141 1160
1141 1206
1141 1355
1141 1363
1141 1493
1142 1187
1142 1253
1142 1297
1142 1313
1143 1285
1143 1303
1143 1375
1143 1392
1143 1463
1143 1472
1143 1474
1143 1496
1144 1227
1144 1480
1144 1482
1144 1492
1145 1170
1145 1323
1145 1344
1146 1418
1147 1219
1148 1264
1148 1372
1148 1422
1149 1188
1149 1438
1149 1462
1149 1488
1149 1489
1150 1153
1150 1168
1150 1191
1150 1210
1150 1451
1151 1328
1151 1336
1152 1208
1152 1471
1153 1168
1153 1191
1153 1210
1153 1451
1154 1167
1154 1299
1155 1224
1155 1243
1155 1293
1155 1416
1155 1439
1155 1464
1156 1246
1156 1302
1156 1340
1156 1376
1156 1413
1156 1467
1157 1288
1157 1345
1158 1234
1158 1255
1159 1238
1159 1432
1159 1449
1159 1479
1159 1484
1160 1206
1160 1355
1160 1363
1160 1493
1161 1348
1162 1166
1162 1180
1162 1292
1162 1298
1163 1249
1163 1260
1163 1337
1163 1383
1163 1485
1164 1201
1164 1321
1164 1322
1165 1194
1165 1282
1165 1374
1165 1398
1165 1495
1166 1180
1166 1292
1166 1298
1167 1299
1168 1191
1168 1210
1168 1451
1169 1174
1169 1320
1169 1431
1170 1323
1170 1344
1171 1175
1171 1176
1171 1276
1172 1213
1172 1228
1172 1304
1172 1365
1172 1478
1173 1185
1173 1307
1173 1397
1174 1320
1174 1431
1175 1176
1175 1276
1176 1276
1177 1217
1177 1230
1177 1236
1177 1284
1178 1417
1178 1483
1179 1181
1179 1274
1180 1292
1180 1298
1181 1274
1182 1394
1182 1425
1183 1196
1183 1251
1183 1269
1183 1370
1183 1404
1183 1452
1183 1499
1184 1316
1184 1367
1184 1456
1185 1307
1185 1397
1186 1248
1186 1290
1186 1335
1186 1491
1186 1498
1187 1253
1187 1297
1187 1313
1188 1438
1188 1462
1188 1488
1188 1489
1189 1352
1189 1437
1190 1273
1190 1291
1190 1433
1191 1210
1191 1451
1192 1378
1192 1396
1192 1423
1193 1211
1193 1368
1193 1384
1193 1444
1193 1475
1194 1282
1194 1374
1194 1398
1194 1495
1195 1366
1195 1448
1196 1251
1196 1269
1196 1370
1196 1404
1196 1452
1196 1499
1197 1460
1198 1231
1198 1441
1198 1459
1200 1204
1200 1232
1200 1258
1201 1321
1201 1322
1202 1426
1203 1259
1203 1442
1203 1477
1203 1481
1204 1232
1204 1258
1205 1281
1205 1287
1205 1338
1205 1436
1206 1355
1206 1363
1206 1493
1207 1277
1207 1364
1207 1369
1208 1471
1209 1453
1210 1451
1211 1368
1211 1384
1211 1444
1211 1475
1212 1215
1212 1286
1213 1228
1213 1304
1213 1365
1213 1478
1214 1222
1215 1286
1216 1226
1216 1300
1216 1347
1216 1358
1216 1421
1217 1230
1217 1236
1217 1284
1218 1405
1218 1476
1221 1309
1221 1311
1221 1399
1221 1434
1223 1235
1223 1346
1224 1243
1224 1293
1224 1416
1224 1439
1224 1464
1225 1237
1225 1342
1225 1349
1225 1386
1225 1430
1226 1300
1226 1347
1226 1358
1226 1421
1227 1480
1227 1482
1227 1492
1228 1304
1228 1365
1228 1478
1229 1473
1230 1236
1230 1284
1231 1441
1231 1459
1232 1258
1234 1255
1235 1346
1236 1284
1237 1342
1237 1349
1237 1386
1237 1430
1238 1432
1238 1449
1238 1479
1238 1484
1239 1324
1239 1385
1240 1278
1241 1266
1241 1268
1241 1283
1241 1339
1241 1414
1242 1410
1242 1458
1243 1293
1243 1416
1243 1439
1243 1464
1244 1357
1244 1412
1246 1302
1246 1340
1246 1376
1246 1413
1246 1467
1247 1497
1248 1290
1248 1335
1248 1491
1248 1498
1249 1260
1249 1337
1249 1383
1249 1485
1250 1387
1250 1443
1251 1269
1251 1370
1251 1404
1251 1452
1251 1499
1252 1294
1252 1360
1252 1379
1253 1297
1253 1313
1254 1308
1254 1353
1254 1389
1254 1407
1256 1270
1256 1272
1256 1359
1256 1409
1257 1402
1257 1427
1259 1442
1259 1477
1259 1481
1260 1337
1260 1383
1260 1485
1261 1275
1261 1400
1261 1406
1261 1450
1261 1454
1262 1334
1262 1415
1262 1461
1263 1377
1263 1395
1264 1372
1264 1422
1265 1361
1265 1487
1266 1268
1266 1283
1266 1339
1266 1414
1267 1318
1268 1283
1268 1339
1268 1414
1269 1370
1269 1404
1269 1452
1269 1499
1270 1272
1270 1359
1270 1409
1271 1435
1272 1359
1272 1409
1273 1291
1273 1433
1275 1400
1275 1406
1275 1450
1275 1454
1277 1364
1277 1369
1280 1391
1280 1470
1280 1486
1281 1287
1281 1338
1281 1436
1282 1374
1282 1398
1282 1495
1283 1339
1283 1414
1285 1303
1285 1375
1285 1392
1285 1463
1285 1472
1285 1474
1285 1496
1287 1338
1287 1436
1288 1345
1289 1326
1289 1327
1289 1354
1289 1371
1290 1335
1290 1491
1290 1498
1291 1433
1292 1298
1293 1416
1293 1439
1293 1464
1294 1360
1294 1379
1295 1312
1295 1332
1295 1373
1296 1310
1296 1330
1296 1393
1297 1313
1300 1347
1300 1358
1300 1421
1302 1340
1302 1376
1302 1413
1302 1467
1303 1375
1303 1392
1303 1463
1303 1472
1303 1474
1303 1496
1304 1365
1304 1478
1305 1429
1305 1465
1305 1494
1306 1440
1307 1397
1308 1353
1308 1389
1308 1407
1309 1311
1309 1399
1309 1434
1310 1330
1310 1393
1311 1399
1311 1434
1312 1332
1312 1373
1314 1317
1314 1343
1315 1380
1315 1408
1315 1424
1316 1367
1316 1456
1317 1343
1319 1329
1319 1388
1319 1445
1320 1431
1321 1322
1323 1344
1324 1385
1325 1341
1325 1446
1325 1457
1326 1327
1326 1354
1326 1371
1327 1354
1327 1371
1328 1336
1329 1388
1329 1445
1330 1393
1331 1382
1331 1419
1332 1373
1333 1455
1334 1415
1334 1461
1335 1491
1335 1498
1337 1383
1337 1485
1338 1436
1339 1414
1340 1376
1340 1413
1340 1467
1341 1446
1341 1457
1342 1349
1342 1386
1342 1430
1347 1358
1347 1421
1349 1386
1349 1430
1350 1469
1351 1381
1351 1428
1352 1437
1353 1389
1353 1407
1354 1371
1355 1363
1355 1493
1357 1412
1358 1421
1359 1409
1360 1379
1361 1487
1363 1493
1364 1369
1365 1478
1366 1448
1367 1456
1368 1384
1368 1444
1368 1475
1370 1404
1370 1452
1370 1499
1372 1422
1374 1398
1374 1495
1375 1392
1375 1463
1375 1472
1375 1474
1375 1496
1376 1413
1376 1467
1377 1395
1378 1396
1378 1423
1380 1408
1380 1424
1381 1428
1382 1419
1383 1485
1384 1444
1384 1475
1386 1430
1387 1443
1388 1445
1389 1407
1391 1470
1391 1486
1392 1463
1392 1472
1392 1474
1392 1496
1394 1425
1396 1423
1398 1495
1399 1434
1400 1406
1400 1450
1400 1454
1401 1490
1402 1427
1403 1447
1404 1452
1404 1499
1405 1476
1406 1450
1406 1454
1408 1424
1410 1458
1411 1420
1413 1467
1415 1461
1416 1439
1416 1464
1417 1483
1429 1465
1429 1494
1432 1449
1432 1479
1432 1484
1438 1462
1438 1488
1438 1489
1439 1464
1441 1459
1442 1477
1442 1481
1444 1475
1446 1457
1449 1479
1449 1484
1450 1454
1452 1499
1462 1488
1462 1489
1463 1472
1463 1474
1463 1496
1465 1494
1470 1486
1472 1474
1472 1496
1474 1496
1477 1481
1479 1484
1480 1482
1480 1492
1482 1492
1488 1489
1491 1498
