750 2450
0 100
0 111
0 325
0 327
0 595
0 733
1 18
1 261
1 274
1 324
1 422
1 562
1 680
2 304
2 403
2 425
2 437
2 576
2 631
3 241
3 355
3 452
3 455
3 604
3 699
4 182
4 236
4 243
4 293
4 326
4 386
5 12
5 55
5 95
5 157
5 204
5 285
6 136
6 226
6 250
6 284
6 620
6 652
6 730
7 358
7 359
7 370
7 412
7 426
7 498
8 46
8 113
8 476
8 600
8 673
8 709
8 742
9 33
9 192
9 338
9 490
9 514
9 691
9 724
10 32
10 130
10 276
10 637
10 647
10 685
10 695
11 24
11 67
11 84
11 168
11 701
11 740
12 55
12 95
12 157
12 204
12 285
13 139
13 224
13 227
13 231
13 288
13 519
13 561
14 116
14 158
14 418
14 458
14 464
14 543
15 194
15 195
15 277
15 283
15 532
15 542
15 634
16 181
16 220
16 282
16 362
16 432
16 442
16 729
17 124
17 140
17 469
17 524
17 535
17 560
18 261
18 274
18 324
18 422
18 562
18 680
19 58
19 159
19 248
19 340
19 372
19 396
19 501
20 51
20 188
20 331
20 472
20 577
20 590
20 748
21 38
21 63
21 118
21 306
21 518
21 690
22 50
22 191
22 257
22 428
22 555
22 589
23 164
23 295
23 388
23 410
23 484
23 621
23 654
24 67
24 84
24 168
24 701
24 740
25 125
25 242
25 453
25 557
25 615
25 722
25 744
26 29
26 49
26 101
26 229
26 323
26 487
26 566
27 179
27 275
27 339
27 345
27 549
27 644
27 678
28 132
28 148
28 394
28 581
28 603
28 610
28 617
29 49
29 101
29 229
29 323
29 487
29 566
30 200
30 256
30 260
30 329
30 529
30 578
30 618
31 37
31 44
31 64
31 169
31 209
31 321
31 649
32 130
32 276
32 637
32 647
32 685
32 695
33 192
33 338
33 490
33 514
33 691
33 724
34 98
34 127
34 175
34 364
34 471
34 528
34 712
35 153
35 352
35 541
35 556
35 592
35 628
35 643
36 71
36 365
36 367
36 550
36 551
36 585
36 723
37 44
37 64
37 169
37 209
37 321
37 649
38 63
38 118
38 306
38 518
38 690
39 40
39 292
39 439
39 558
39 602
39 622
39 684
40 292
40 439
40 558
40 602
40 622
40 684
41 107
41 354
41 443
41 584
41 657
41 719
42 312
42 349
42 438
42 449
42 505
42 665
43 120
43 126
43 184
43 523
43 568
43 706
44 64
44 169
44 209
44 321
44 649
45 87
45 203
45 249
45 262
45 272
45 642
46 113
46 476
46 600
46 673
46 709
46 742
47 61
47 99
47 165
47 457
47 477
47 670
47 674
48 299
48 308
48 380
48 540
48 546
48 586
48 726
49 101
49 229
49 323
49 487
49 566
50 191
50 257
50 428
50 555
50 589
51 188
51 331
51 472
51 577
51 590
51 748
52 151
52 152
52 291
52 305
52 346
52 485
53 89
53 110
53 368
53 421
53 483
53 508
53 735
54 57
54 122
54 217
54 223
54 390
54 677
55 95
55 157
55 204
55 285
56 66
56 221
56 222
56 278
56 465
56 692
56 749
57 122
57 217
57 223
57 390
57 677
58 159
58 248
58 340
58 372
58 396
58 501
59 178
59 233
59 400
59 440
59 574
59 704
60 219
60 296
60 301
60 395
60 447
60 640
60 739
61 99
61 165
61 457
61 477
61 670
61 674
62 72
62 190
62 267
62 298
62 322
62 405
62 511
63 118
63 306
63 518
63 690
64 169
64 209
64 321
64 649
65 186
65 199
65 206
65 245
65 366
65 375
65 548
66 221
66 222
66 278
66 465
66 692
66 749
67 84
67 168
67 701
67 740
68 103
68 294
68 445
68 474
68 573
68 682
69 332
69 373
69 374
69 404
69 609
69 708
70 102
70 237
70 251
70 489
70 579
70 714
70 747
71 365
71 367
71 550
71 551
71 585
71 723
72 190
72 267
72 298
72 322
72 405
72 511
73 83
73 150
73 385
73 492
73 534
73 565
73 607
74 137
74 319
74 333
74 361
74 427
74 522
74 675
75 196
75 429
75 470
75 499
75 507
75 636
75 710
76 197
76 290
76 402
76 583
76 656
76 717
77 166
77 213
77 252
77 336
77 463
77 676
77 686
78 201
78 234
78 334
78 356
78 360
78 504
78 593
79 230
79 246
79 451
79 512
79 544
79 700
79 721
80 85
80 302
80 436
80 598
80 668
80 731
81 88
81 303
81 605
81 625
81 688
81 707
82 258
82 407
82 481
82 531
82 666
82 687
83 150
83 385
83 492
83 534
83 565
83 607
84 168
84 701
84 740
85 302
85 436
85 598
85 668
85 731
86 177
86 316
86 350
86 381
86 433
86 554
86 693
87 203
87 249
87 262
87 272
87 642
88 303
88 605
88 625
88 688
88 707
89 110
89 368
89 421
89 483
89 508
89 735
90 114
90 239
90 309
90 580
90 587
90 716
91 143
91 193
91 307
91 431
91 473
91 521
92 310
92 423
92 503
92 517
92 658
92 725
93 105
93 144
93 414
93 655
93 681
93 683
94 376
94 419
94 538
94 635
94 667
94 741
95 157
95 204
95 285
96 97
96 247
96 318
96 597
96 623
96 669
97 247
97 318
97 597
97 623
97 669
98 127
98 175
98 364
98 471
98 528
98 712
99 165
99 457
99 477
99 670
99 674
100 111
100 325
100 327
100 595
100 733
101 229
101 323
101 487
101 566
102 237
102 251
102 489
102 579
102 714
102 747
103 294
103 445
103 474
103 573
103 682
104 123
104 131
104 240
104 408
104 545
104 633
104 648
105 144
105 414
105 655
105 681
105 683
106 172
106 235
106 351
106 525
106 611
106 653
106 720
107 354
107 443
107 584
107 657
107 719
108 133
108 163
108 263
108 330
108 500
108 650
109 115
109 121
109 218
109 311
109 509
109 510
110 368
110 421
110 483
110 508
110 735
111 325
111 327
111 595
111 733
112 162
112 207
112 270
112 526
112 567
112 641
112 703
113 476
113 600
113 673
113 709
113 742
114 239
114 309
114 580
114 587
114 716
115 121
115 218
115 311
115 509
115 510
116 158
116 418
116 458
116 464
116 543
117 135
117 420
117 456
117 462
117 475
117 479
118 306
118 518
118 690
119 320
119 347
119 454
119 591
119 662
119 743
120 126
120 184
120 523
120 568
120 706
121 218
121 311
121 509
121 510
122 217
122 223
122 390
122 677
123 131
123 240
123 408
123 545
123 633
123 648
124 140
124 469
124 524
124 535
124 560
125 242
125 453
125 557
125 615
125 722
125 744
126 184
126 523
126 568
126 706
127 175
127 364
127 471
127 528
127 712
128 211
128 460
128 530
128 564
128 613
128 630
128 672
129 337
129 363
129 434
129 435
129 497
129 563
129 619
130 276
130 637
130 647
130 685
130 695
131 240
131 408
131 545
131 633
131 648
132 148
132 394
132 581
132 603
132 610
132 617
133 163
133 263
133 330
133 500
133 650
134 180
134 232
134 300
134 379
134 539
134 553
135 420
135 456
135 462
135 475
135 479
136 226
136 250
136 284
136 620
136 652
136 730
137 319
137 333
137 361
137 427
137 522
137 675
138 377
138 399
138 527
138 571
138 738
138 745
139 224
139 227
139 231
139 288
139 519
139 561
140 469
140 524
140 535
140 560
141 149
141 383
141 494
141 572
141 614
141 689
142 170
142 214
142 328
142 520
142 608
142 734
143 193
143 307
143 431
143 473
143 521
144 414
144 655
144 681
144 683
145 146
145 238
145 378
145 409
145 502
145 599
145 639
146 238
146 378
146 409
146 502
146 599
146 639
147 185
147 208
147 482
147 626
147 660
147 727
148 394
148 581
148 603
148 610
148 617
149 383
149 494
149 572
149 614
149 689
150 385
150 492
150 534
150 565
150 607
151 152
151 291
151 305
151 346
151 485
152 291
152 305
152 346
152 485
153 352
153 541
153 556
153 592
153 628
153 643
154 171
154 269
154 279
154 317
154 588
154 627
154 696
155 189
155 341
155 491
155 496
155 646
155 718
156 273
156 486
156 594
156 638
156 651
156 661
157 204
157 285
158 418
158 458
158 464
158 543
159 248
159 340
159 372
159 396
159 501
160 161
160 244
160 314
160 488
160 559
160 624
160 728
161 244
161 314
161 488
161 559
161 624
161 728
162 207
162 270
162 526
162 567
162 641
162 703
163 263
163 330
163 500
163 650
164 295
164 388
164 410
164 484
164 621
164 654
165 457
165 477
165 670
165 674
166 213
166 252
166 336
166 463
166 676
166 686
167 176
167 371
167 416
167 446
167 466
167 478
167 547
168 701
168 740
169 209
169 321
169 649
170 214
170 328
170 520
170 608
170 734
171 269
171 279
171 317
171 588
171 627
171 696
172 235
172 351
172 525
172 611
172 653
172 720
173 253
173 271
173 280
173 353
173 629
173 737
174 183
174 216
174 264
174 266
174 357
174 533
175 364
175 471
175 528
175 712
176 371
176 416
176 446
176 466
176 478
176 547
177 316
177 350
177 381
177 433
177 554
177 693
178 233
178 400
178 440
178 574
178 704
179 275
179 339
179 345
179 549
179 644
179 678
180 232
180 300
180 379
180 539
180 553
181 220
181 282
181 362
181 432
181 442
181 729
182 236
182 243
182 293
182 326
182 386
183 216
183 264
183 266
183 357
183 533
184 523
184 568
184 706
185 208
185 482
185 626
185 660
185 727
186 199
186 206
186 245
186 366
186 375
186 548
187 202
187 225
187 459
187 606
187 702
187 705
188 331
188 472
188 577
188 590
188 748
189 341
189 491
189 496
189 646
189 718
190 267
190 298
190 322
190 405
190 511
191 257
191 428
191 555
191 589
192 338
192 490
192 514
192 691
192 724
193 307
193 431
193 473
193 521
194 195
194 277
194 283
194 532
194 542
194 634
195 277
195 283
195 532
195 542
195 634
196 429
196 470
196 499
196 507
196 636
196 710
197 290
197 402
197 583
197 656
197 717
198 212
198 289
198 313
198 406
198 444
198 450
198 570
199 206
199 245
199 366
199 375
199 548
200 256
200 260
200 329
200 529
200 578
200 618
201 234
201 334
201 356
201 360
201 504
201 593
202 225
202 459
202 606
202 702
202 705
203 249
203 262
203 272
203 642
204 285
205 281
205 430
205 467
205 506
205 697
205 736
206 245
206 366
206 375
206 548
207 270
207 526
207 567
207 641
207 703
208 482
208 626
208 660
208 727
209 321
209 649
210 342
210 382
210 495
210 513
210 596
210 698
211 460
211 530
211 564
211 613
211 630
211 672
212 289
212 313
212 406
212 444
212 450
212 570
213 252
213 336
213 463
213 676
213 686
214 328
214 520
214 608
214 734
215 268
215 344
215 461
215 480
215 664
215 713
216 264
216 266
216 357
216 533
217 223
217 390
217 677
218 311
218 509
218 510
219 296
219 301
219 395
219 447
219 640
219 739
220 282
220 362
220 432
220 442
220 729
221 222
221 278
221 465
221 692
221 749
222 278
222 465
222 692
222 749
223 390
223 677
224 227
224 231
224 288
224 519
224 561
225 459
225 606
225 702
225 705
226 250
226 284
226 620
226 652
226 730
227 231
227 288
227 519
227 561
228 259
228 397
228 411
228 552
228 569
228 671
229 323
229 487
229 566
230 246
230 451
230 512
230 544
230 700
230 721
231 288
231 519
231 561
232 300
232 379
232 539
232 553
233 400
233 440
233 574
233 704
234 334
234 356
234 360
234 504
234 593
235 351
235 525
235 611
235 653
235 720
236 243
236 293
236 326
236 386
237 251
237 489
237 579
237 714
237 747
238 378
238 409
238 502
238 599
238 639
239 309
239 580
239 587
239 716
240 408
240 545
240 633
240 648
241 355
241 452
241 455
241 604
241 699
242 453
242 557
242 615
242 722
242 744
243 293
243 326
243 386
244 314
244 488
244 559
244 624
244 728
245 366
245 375
245 548
246 451
246 512
246 544
246 700
246 721
247 318
247 597
247 623
247 669
248 340
248 372
248 396
248 501
249 262
249 272
249 642
250 284
250 620
250 652
250 730
251 489
251 579
251 714
251 747
252 336
252 463
252 676
252 686
253 271
253 280
253 353
253 629
253 737
254 255
254 335
254 398
254 468
254 582
254 659
254 732
255 335
255 398
255 468
255 582
255 659
255 732
256 260
256 329
256 529
256 578
256 618
257 428
257 555
257 589
258 407
258 481
258 531
258 666
258 687
259 397
259 411
259 552
259 569
259 671
260 329
260 529
260 578
260 618
261 274
261 324
261 422
261 562
261 680
262 272
262 642
263 330
263 500
263 650
264 266
264 357
264 533
265 389
265 391
265 515
265 575
265 601
265 632
265 645
266 357
266 533
267 298
267 322
267 405
267 511
268 344
268 461
268 480
268 664
268 713
269 279
269 317
269 588
269 627
269 696
270 526
270 567
270 641
270 703
271 280
271 353
271 629
271 737
272 642
273 486
273 594
273 638
273 651
273 661
274 324
274 422
274 562
274 680
275 339
275 345
275 549
275 644
275 678
276 637
276 647
276 685
276 695
277 283
277 532
277 542
277 634
278 465
278 692
278 749
279 317
279 588
279 627
279 696
280 353
280 629
280 737
281 430
281 467
281 506
281 697
281 736
282 362
282 432
282 442
282 729
283 532
283 542
283 634
284 620
284 652
284 730
286 297
286 384
286 393
286 415
286 516
286 746
287 369
287 387
287 424
287 441
287 493
287 537
287 612
288 519
288 561
289 313
289 406
289 444
289 450
289 570
290 402
290 583
290 656
290 717
291 305
291 346
291 485
292 439
292 558
292 602
292 622
292 684
293 326
293 386
294 445
294 474
294 573
294 682
295 388
295 410
295 484
295 621
295 654
296 301
296 395
296 447
296 640
296 739
297 384
297 393
297 415
297 516
297 746
298 322
298 405
298 511
299 308
299 380
299 540
299 546
299 586
299 726
300 379
300 539
300 553
301 395
301 447
301 640
301 739
302 436
302 598
302 668
302 731
303 605
303 625
303 688
303 707
304 403
304 425
304 437
304 576
304 631
305 346
305 485
306 518
306 690
307 431
307 473
307 521
308 380
308 540
308 546
308 586
308 726
309 580
309 587
309 716
310 423
310 503
310 517
310 658
310 725
311 509
311 510
312 349
312 438
312 449
312 505
312 665
313 406
313 444
313 450
313 570
314 488
314 559
314 624
314 728
315 392
315 413
315 417
315 616
315 663
315 679
316 350
316 381
316 433
316 554
316 693
317 588
317 627
317 696
318 597
318 623
318 669
319 333
319 361
319 427
319 522
319 675
320 347
320 454
320 591
320 662
320 743
321 649
322 405
322 511
323 487
323 566
324 422
324 562
324 680
325 327
325 595
325 733
326 386
327 595
327 733
328 520
328 608
328 734
329 529
329 578
329 618
330 500
330 650
331 472
331 577
331 590
331 748
332 373
332 374
332 404
332 609
332 708
333 361
333 427
333 522
333 675
334 356
334 360
334 504
334 593
335 398
335 468
335 582
335 659
335 732
336 463
336 676
336 686
337 363
337 434
337 435
337 497
337 563
337 619
338 490
338 514
338 691
338 724
339 345
339 549
339 644
339 678
340 372
340 396
340 501
341 491
341 496
341 646
341 718
342 382
342 495
342 513
342 596
342 698
343 348
343 401
343 448
343 536
343 694
343 711
343 715
344 461
344 480
344 664
344 713
345 549
345 644
345 678
346 485
347 454
347 591
347 662
347 743
348 401
348 448
348 536
348 694
348 711
348 715
349 438
349 449
349 505
349 665
350 381
350 433
350 554
350 693
351 525
351 611
351 653
351 720
352 541
352 556
352 592
352 628
352 643
353 629
353 737
354 443
354 584
354 657
354 719
355 452
355 455
355 604
355 699
356 360
356 504
356 593
357 533
358 359
358 370
358 412
358 426
358 498
359 370
359 412
359 426
359 498
360 504
360 593
361 427
361 522
361 675
362 432
362 442
362 729
363 434
363 435
363 497
363 563
363 619
364 471
364 528
364 712
365 367
365 550
365 551
365 585
365 723
366 375
366 548
367 550
367 551
367 585
367 723
368 421
368 483
368 508
368 735
369 387
369 424
369 441
369 493
369 537
369 612
370 412
370 426
370 498
371 416
371 446
371 466
371 478
371 547
372 396
372 501
373 374
373 404
373 609
373 708
374 404
374 609
374 708
375 548
376 419
376 538
376 635
376 667
376 741
377 399
377 527
377 571
377 738
377 745
378 409
378 502
378 599
378 639
379 539
379 553
380 540
380 546
380 586
380 726
381 433
381 554
381 693
382 495
382 513
382 596
382 698
383 494
383 572
383 614
383 689
384 393
384 415
384 516
384 746
385 492
385 534
385 565
385 607
387 424
387 441
387 493
387 537
387 612
388 410
388 484
388 621
388 654
389 391
389 515
389 575
389 601
389 632
389 645
390 677
391 515
391 575
391 601
391 632
391 645
392 413
392 417
392 616
392 663
392 679
393 415
393 516
393 746
394 581
394 603
394 610
394 617
395 447
395 640
395 739
396 501
397 411
397 552
397 569
397 671
398 468
398 582
398 659
398 732
399 527
399 571
399 738
399 745
400 440
400 574
400 704
401 448
401 536
401 694
401 711
401 715
402 583
402 656
402 717
403 425
403 437
403 576
403 631
404 609
404 708
405 511
406 444
406 450
406 570
407 481
407 531
407 666
407 687
408 545
408 633
408 648
409 502
409 599
409 639
410 484
410 621
410 654
411 552
411 569
411 671
412 426
412 498
413 417
413 616
413 663
413 679
414 655
414 681
414 683
415 516
415 746
416 446
416 466
416 478
416 547
417 616
417 663
417 679
418 458
418 464
418 543
419 538
419 635
419 667
419 741
420 456
420 462
420 475
420 479
421 483
421 508
421 735
422 562
422 680
423 503
423 517
423 658
423 725
424 441
424 493
424 537
424 612
425 437
425 576
425 631
426 498
427 522
427 675
428 555
428 589
429 470
429 499
429 507
429 636
429 710
430 467
430 506
430 697
430 736
431 473
431 521
432 442
432 729
433 554
433 693
434 435
434 497
434 563
434 619
435 497
435 563
435 619
436 598
436 668
436 731
437 576
437 631
438 449
438 505
438 665
439 558
439 602
439 622
439 684
440 574
440 704
441 493
441 537
441 612
442 729
443 584
443 657
443 719
444 450
444 570
445 474
445 573
445 682
446 466
446 478
446 547
447 640
447 739
448 536
448 694
448 711
448 715
449 505
449 665
450 570
451 512
451 544
451 700
451 721
452 455
452 604
452 699
453 557
453 615
453 722
453 744
454 591
454 662
454 743
455 604
455 699
456 462
456 475
456 479
457 477
457 670
457 674
458 464
458 543
459 606
459 702
459 705
460 530
460 564
460 613
460 630
460 672
461 480
461 664
461 713
462 475
462 479
463 676
463 686
464 543
465 692
465 749
466 478
466 547
467 506
467 697
467 736
468 582
468 659
468 732
469 524
469 535
469 560
470 499
470 507
470 636
470 710
471 528
471 712
472 577
472 590
472 748
473 521
474 573
474 682
475 479
476 600
476 673
476 709
476 742
477 670
477 674
478 547
480 664
480 713
481 531
481 666
481 687
482 626
482 660
482 727
483 508
483 735
484 621
484 654
486 594
486 638
486 651
486 661
487 566
488 559
488 624
488 728
489 579
489 714
489 747
490 514
490 691
490 724
491 496
491 646
491 718
492 534
492 565
492 607
493 537
493 612
494 572
494 614
494 689
495 513
495 596
495 698
496 646
496 718
497 563
497 619
499 507
499 636
499 710
500 650
502 599
502 639
503 517
503 658
503 725
504 593
505 665
506 697
506 736
507 636
507 710
508 735
509 510
512 544
512 700
512 721
513 596
513 698
514 691
514 724
515 575
515 601
515 632
515 645
516 746
517 658
517 725
518 690
519 561
520 608
520 734
522 675
523 568
523 706
524 535
524 560
525 611
525 653
525 720
526 567
526 641
526 703
527 571
527 738
527 745
528 712
529 578
529 618
530 564
530 613
530 630
530 672
531 666
531 687
532 542
532 634
534 565
534 607
535 560
536 694
536 711
536 715
537 612
538 635
538 667
538 741
539 553
540 546
540 586
540 726
541 556
541 592
541 628
541 643
542 634
544 700
544 721
545 633
545 648
546 586
546 726
549 644
549 678
550 551
550 585
550 723
551 585
551 723
552 569
552 671
554 693
555 589
556 592
556 628
556 643
557 615
557 722
557 744
558 602
558 622
558 684
559 624
559 728
562 680
563 619
564 613
564 630
564 672
565 607
567 641
567 703
568 706
569 671
571 738
571 745
572 614
572 689
573 682
574 704
575 601
575 632
575 645
576 631
577 590
577 748
578 618
579 714
579 747
580 587
580 716
581 603
581 610
581 617
582 659
582 732
583 656
583 717
584 657
584 719
585 723
586 726
587 716
588 627
588 696
590 748
591 662
591 743
592 628
592 643
594 638
594 651
594 661
595 733
596 698
597 623
597 669
598 668
598 731
599 639
600 673
600 709
600 742
601 632
601 645
602 622
602 684
603 610
603 617
604 699
605 625
605 688
605 707
606 702
606 705
608 734
609 708
610 617
611 653
611 720
613 630
613 672
614 689
615 722
615 744
616 663
616 679
620 652
620 730
621 654
622 684
623 669
624 728
625 688
625 707
626 660
626 727
627 696
628 643
629 737
630 672
632 645
633 648
635 667
635 741
636 710
637 647
637 685
637 695
638 651
638 661
640 739
641 703
644 678
646 718
647 685
647 695
651 661
652 730
653 720
655 681
655 683
656 717
657 719
658 725
659 732
660 727
662 743
663 679
664 713
666 687
667 741
668 731
670 674
673 709
673 742
676 686
681 683
685 695
688 707
691 724
692 749
694 711
694 715
697 736
700 721
701 740
702 705
709 742
711 715
714 747
722 744
738 745
