1000 4500
0 279
0 395
0 396
0 417
0 427
0 443
0 661
0 662
0 855
1 87
1 130
1 407
1 450
1 606
1 619
1 767
1 900
1 901
2 110
2 238
2 322
2 451
2 488
2 558
2 635
2 690
2 936
3 188
3 424
3 616
3 656
3 761
3 804
3 807
3 820
3 821
4 338
4 608
4 641
4 696
4 698
4 740
4 757
4 758
4 856
5 8
5 189
5 359
5 481
5 723
5 755
5 851
5 984
5 997
6 41
6 66
6 593
6 622
6 625
6 674
6 695
6 928
6 937
7 32
7 79
7 225
7 320
7 480
7 485
7 500
7 585
7 611
8 189
8 359
8 481
8 723
8 755
8 851
8 984
8 997
9 33
9 82
9 350
9 357
9 594
9 596
9 746
9 933
9 948
10 96
10 192
10 261
10 262
10 269
10 295
10 515
10 646
10 963
11 20
11 60
11 129
11 158
11 301
11 573
11 659
11 769
11 940
12 147
12 449
12 525
12 555
12 654
12 673
12 786
12 869
12 882
13 163
13 339
13 369
13 437
13 530
13 604
13 691
13 737
13 780
14 85
14 148
14 195
14 210
14 247
14 305
14 361
14 457
14 566
15 51
15 108
15 414
15 429
15 526
15 642
15 675
15 684
15 777
16 113
16 250
16 263
16 399
16 475
16 484
16 532
16 602
16 904
17 27
17 48
17 94
17 191
17 260
17 271
17 346
17 470
17 989
18 45
18 209
18 229
18 265
18 281
18 463
18 561
18 924
18 930
19 22
19 59
19 277
19 367
19 418
19 670
19 802
19 817
19 829
20 60
20 129
20 158
20 301
20 573
20 659
20 769
20 940
21 43
21 114
21 133
21 489
21 557
21 590
21 784
21 947
21 956
22 59
22 277
22 367
22 418
22 670
22 802
22 817
22 829
23 231
23 283
23 318
23 328
23 374
23 638
23 707
23 722
23 951
24 118
24 206
24 403
24 528
24 598
24 650
24 704
24 749
24 976
25 46
25 67
25 143
25 224
25 227
25 471
25 714
25 803
25 964
26 72
26 297
26 321
26 336
26 495
26 511
26 543
26 652
26 694
27 48
27 94
27 191
27 260
27 271
27 346
27 470
27 989
28 152
28 371
28 406
28 496
28 710
28 776
28 842
28 868
28 934
29 410
29 440
29 460
29 469
29 552
29 621
29 663
29 888
29 975
30 145
30 211
30 236
30 292
30 342
30 687
30 754
30 792
30 831
31 233
31 373
31 473
31 483
31 537
31 609
31 630
31 931
31 993
32 79
32 225
32 320
32 480
32 485
32 500
32 585
32 611
33 82
33 350
33 357
33 594
33 596
33 746
33 933
33 948
34 76
34 109
34 240
34 508
34 631
34 841
34 865
34 958
34 974
35 123
35 172
35 223
35 331
35 549
35 554
35 736
35 795
35 959
36 63
36 124
36 177
36 259
36 522
36 605
36 639
36 683
36 859
37 38
37 73
37 298
37 307
37 323
37 325
37 459
37 669
37 741
38 73
38 298
38 307
38 323
38 325
38 459
38 669
38 741
39 196
39 202
39 317
39 397
39 439
39 498
39 603
39 910
39 981
40 121
40 186
40 296
40 627
40 725
40 748
40 811
40 863
40 921
41 66
41 593
41 622
41 625
41 674
41 695
41 928
41 937
42 285
42 411
42 468
42 510
42 533
42 629
42 677
42 685
42 955
43 114
43 133
43 489
43 557
43 590
43 784
43 947
43 956
44 106
44 176
44 254
44 389
44 527
44 647
44 657
44 762
44 853
45 209
45 229
45 265
45 281
45 463
45 561
45 924
45 930
46 67
46 143
46 224
46 227
46 471
46 714
46 803
46 964
47 61
47 111
47 207
47 212
47 222
47 248
47 492
47 745
47 965
48 94
48 191
48 260
48 271
48 346
48 470
48 989
49 97
49 170
49 204
49 282
49 348
49 505
49 591
49 733
49 852
50 122
50 199
50 228
50 377
50 430
50 773
50 876
50 886
50 906
51 108
51 414
51 429
51 526
51 642
51 675
51 684
51 777
52 102
52 116
52 243
52 314
52 655
52 763
52 872
52 883
52 907
53 161
53 308
53 366
53 479
53 491
53 553
53 576
53 600
53 941
54 126
54 164
54 313
54 375
54 523
54 701
54 850
54 892
54 985
55 65
55 384
55 518
55 771
55 779
55 867
55 896
55 913
55 926
56 101
56 341
56 376
56 435
56 540
56 562
56 838
56 970
56 977
57 165
57 446
57 477
57 545
57 571
57 686
57 827
57 880
57 999
58 80
58 95
58 134
58 150
58 291
58 293
58 565
58 708
58 912
59 277
59 367
59 418
59 670
59 802
59 817
59 829
60 129
60 158
60 301
60 573
60 659
60 769
60 940
61 111
61 207
61 212
61 222
61 248
61 492
61 745
61 965
62 90
62 455
62 476
62 587
62 797
62 866
62 871
62 894
62 962
63 124
63 177
63 259
63 522
63 605
63 639
63 683
63 859
64 159
64 167
64 190
64 239
64 447
64 519
64 620
64 626
64 914
65 384
65 518
65 771
65 779
65 867
65 896
65 913
65 926
66 593
66 622
66 625
66 674
66 695
66 928
66 937
67 143
67 224
67 227
67 471
67 714
67 803
67 964
68 284
68 302
68 311
68 370
68 382
68 681
68 718
68 765
68 822
69 169
69 402
69 408
69 507
69 720
69 721
69 747
69 861
69 935
70 203
70 216
70 251
70 306
70 386
70 678
70 744
70 800
70 813
71 329
71 362
71 401
71 579
71 592
71 693
71 751
71 944
71 983
72 297
72 321
72 336
72 495
72 511
72 543
72 652
72 694
73 298
73 307
73 323
73 325
73 459
73 669
73 741
74 117
74 171
74 232
74 363
74 461
74 520
74 563
74 624
74 919
75 103
75 185
75 187
75 218
75 264
75 270
75 344
75 671
75 790
76 109
76 240
76 508
76 631
76 841
76 865
76 958
76 974
77 115
77 119
77 387
77 472
77 560
77 702
77 778
77 848
77 887
78 157
78 253
78 275
78 405
78 494
78 648
78 788
78 885
78 889
79 225
79 320
79 480
79 485
79 500
79 585
79 611
80 95
80 134
80 150
80 291
80 293
80 565
80 708
80 912
81 137
81 274
81 499
81 541
81 581
81 617
81 689
81 760
81 987
82 350
82 357
82 594
82 596
82 746
82 933
82 948
83 245
83 255
83 416
83 550
83 597
83 615
83 870
83 918
83 932
84 104
84 425
84 441
84 524
84 546
84 666
84 775
84 818
84 833
85 148
85 195
85 210
85 247
85 305
85 361
85 457
85 566
86 112
86 351
86 400
86 682
86 732
86 735
86 874
86 879
86 893
87 130
87 407
87 450
87 606
87 619
87 767
87 900
87 901
88 100
88 132
88 436
88 464
88 547
88 548
88 649
88 950
88 960
89 205
89 412
89 434
89 458
89 542
89 770
89 825
89 881
89 917
90 455
90 476
90 587
90 797
90 866
90 871
90 894
90 962
91 272
91 273
91 428
91 570
91 583
91 589
91 680
91 709
91 961
92 153
92 309
92 340
92 356
92 372
92 715
92 787
92 862
92 927
93 105
93 404
93 422
93 426
93 462
93 493
93 632
93 717
93 992
94 191
94 260
94 271
94 346
94 470
94 989
95 134
95 150
95 291
95 293
95 565
95 708
95 912
96 192
96 261
96 262
96 269
96 295
96 515
96 646
96 963
97 170
97 204
97 282
97 348
97 505
97 591
97 733
97 852
98 160
98 173
98 215
98 219
98 246
98 456
98 972
98 986
98 991
99 154
99 156
99 278
99 391
99 413
99 419
99 551
99 575
99 618
100 132
100 436
100 464
100 547
100 548
100 649
100 950
100 960
101 341
101 376
101 435
101 540
101 562
101 838
101 970
101 977
102 116
102 243
102 314
102 655
102 763
102 872
102 883
102 907
103 185
103 187
103 218
103 264
103 270
103 344
103 671
103 790
104 425
104 441
104 524
104 546
104 666
104 775
104 818
104 833
105 404
105 422
105 426
105 462
105 493
105 632
105 717
105 992
106 176
106 254
106 389
106 527
106 647
106 657
106 762
106 853
107 267
107 299
107 347
107 503
107 601
107 731
107 925
107 939
107 957
108 414
108 429
108 526
108 642
108 675
108 684
108 777
109 240
109 508
109 631
109 841
109 865
109 958
109 974
110 238
110 322
110 451
110 488
110 558
110 635
110 690
110 936
111 207
111 212
111 222
111 248
111 492
111 745
111 965
112 351
112 400
112 682
112 732
112 735
112 874
112 879
112 893
113 250
113 263
113 399
113 475
113 484
113 532
113 602
113 904
114 133
114 489
114 557
114 590
114 784
114 947
114 956
115 119
115 387
115 472
115 560
115 702
115 778
115 848
115 887
116 243
116 314
116 655
116 763
116 872
116 883
116 907
117 171
117 232
117 363
117 461
117 520
117 563
117 624
117 919
118 206
118 403
118 528
118 598
118 650
118 704
118 749
118 976
119 387
119 472
119 560
119 702
119 778
119 848
119 887
120 135
120 182
120 345
120 432
120 466
120 502
120 814
120 860
120 996
121 186
121 296
121 627
121 725
121 748
121 811
121 863
121 921
122 199
122 228
122 377
122 430
122 773
122 876
122 886
122 906
123 172
123 223
123 331
123 549
123 554
123 736
123 795
123 959
124 177
124 259
124 522
124 605
124 639
124 683
124 859
125 139
125 144
125 200
125 420
125 514
125 529
125 798
125 824
125 847
126 164
126 313
126 375
126 523
126 701
126 850
126 892
126 985
127 141
127 310
127 517
127 699
127 781
127 845
127 890
127 945
127 952
128 230
128 327
128 490
128 588
128 752
128 832
128 836
128 844
128 911
129 158
129 301
129 573
129 659
129 769
129 940
130 407
130 450
130 606
130 619
130 767
130 900
130 901
131 234
131 249
131 355
131 381
131 531
131 727
131 783
131 884
131 979
132 436
132 464
132 547
132 548
132 649
132 950
132 960
133 489
133 557
133 590
133 784
133 947
133 956
134 150
134 291
134 293
134 565
134 708
134 912
135 182
135 345
135 432
135 466
135 502
135 814
135 860
135 996
136 257
136 288
136 444
136 584
136 759
136 810
136 826
136 837
136 905
137 274
137 499
137 541
137 581
137 617
137 689
137 760
137 987
138 266
138 330
138 454
138 577
138 613
138 660
138 705
138 734
138 891
139 144
139 200
139 420
139 514
139 529
139 798
139 824
139 847
140 166
140 168
140 294
140 380
140 383
140 504
140 539
140 966
140 969
141 310
141 517
141 699
141 781
141 845
141 890
141 945
141 952
142 194
142 335
142 352
142 390
142 394
142 453
142 544
142 665
142 728
143 224
143 227
143 471
143 714
143 803
143 964
144 200
144 420
144 514
144 529
144 798
144 824
144 847
145 211
145 236
145 292
145 342
145 687
145 754
145 792
145 831
146 162
146 201
146 633
146 692
146 756
146 772
146 805
146 953
146 990
147 449
147 525
147 555
147 654
147 673
147 786
147 869
147 882
148 195
148 210
148 247
148 305
148 361
148 457
148 566
149 300
149 304
149 572
149 724
149 743
149 801
149 823
149 840
149 846
150 291
150 293
150 565
150 708
150 912
151 213
151 256
151 258
151 586
151 791
151 843
151 968
151 978
151 988
152 371
152 406
152 496
152 710
152 776
152 842
152 868
152 934
153 309
153 340
153 356
153 372
153 715
153 787
153 862
153 927
154 156
154 278
154 391
154 413
154 419
154 551
154 575
154 618
155 242
155 442
155 474
155 486
155 506
155 509
155 700
155 834
155 929
156 278
156 391
156 413
156 419
156 551
156 575
156 618
157 253
157 275
157 405
157 494
157 648
157 788
157 885
157 889
158 301
158 573
158 659
158 769
158 940
159 167
159 190
159 239
159 447
159 519
159 620
159 626
159 914
160 173
160 215
160 219
160 246
160 456
160 972
160 986
160 991
161 308
161 366
161 479
161 491
161 553
161 576
161 600
161 941
162 201
162 633
162 692
162 756
162 772
162 805
162 953
162 990
163 339
163 369
163 437
163 530
163 604
163 691
163 737
163 780
164 313
164 375
164 523
164 701
164 850
164 892
164 985
165 446
165 477
165 545
165 571
165 686
165 827
165 880
165 999
166 168
166 294
166 380
166 383
166 504
166 539
166 966
166 969
167 190
167 239
167 447
167 519
167 620
167 626
167 914
168 294
168 380
168 383
168 504
168 539
168 966
168 969
169 402
169 408
169 507
169 720
169 721
169 747
169 861
169 935
170 204
170 282
170 348
170 505
170 591
170 733
170 852
171 232
171 363
171 461
171 520
171 563
171 624
171 919
172 223
172 331
172 549
172 554
172 736
172 795
172 959
173 215
173 219
173 246
173 456
173 972
173 986
173 991
174 184
174 332
174 365
174 467
174 478
174 559
174 564
174 664
174 878
175 241
175 280
175 303
175 349
175 623
175 726
175 909
175 954
175 967
176 254
176 389
176 527
176 647
176 657
176 762
176 853
177 259
177 522
177 605
177 639
177 683
177 859
178 181
178 197
178 214
178 637
178 729
178 806
178 819
178 828
178 854
179 289
179 393
179 438
179 536
179 568
179 634
179 645
179 711
179 971
180 183
180 208
180 538
180 812
180 857
180 873
180 902
180 946
180 980
181 197
181 214
181 637
181 729
181 806
181 819
181 828
181 854
182 345
182 432
182 466
182 502
182 814
182 860
182 996
183 208
183 538
183 812
183 857
183 873
183 902
183 946
183 980
184 332
184 365
184 467
184 478
184 559
184 564
184 664
184 878
185 187
185 218
185 264
185 270
185 344
185 671
185 790
186 296
186 627
186 725
186 748
186 811
186 863
186 921
187 218
187 264
187 270
187 344
187 671
187 790
188 424
188 616
188 656
188 761
188 804
188 807
188 820
188 821
189 359
189 481
189 723
189 755
189 851
189 984
189 997
190 239
190 447
190 519
190 620
190 626
190 914
191 260
191 271
191 346
191 470
191 989
192 261
192 262
192 269
192 295
192 515
192 646
192 963
193 290
193 445
193 706
193 713
193 738
193 768
193 774
193 799
193 839
194 335
194 352
194 390
194 394
194 453
194 544
194 665
194 728
195 210
195 247
195 305
195 361
195 457
195 566
196 202
196 317
196 397
196 439
196 498
196 603
196 910
196 981
197 214
197 637
197 729
197 806
197 819
197 828
197 854
198 217
198 237
198 326
198 354
198 385
198 431
198 487
198 513
198 949
199 228
199 377
199 430
199 773
199 876
199 886
199 906
200 420
200 514
200 529
200 798
200 824
200 847
201 633
201 692
201 756
201 772
201 805
201 953
201 990
202 317
202 397
202 439
202 498
202 603
202 910
202 981
203 216
203 251
203 306
203 386
203 678
203 744
203 800
203 813
204 282
204 348
204 505
204 591
204 733
204 852
205 412
205 434
205 458
205 542
205 770
205 825
205 881
205 917
206 403
206 528
206 598
206 650
206 704
206 749
206 976
207 212
207 222
207 248
207 492
207 745
207 965
208 538
208 812
208 857
208 873
208 902
208 946
208 980
209 229
209 265
209 281
209 463
209 561
209 924
209 930
210 247
210 305
210 361
210 457
210 566
211 236
211 292
211 342
211 687
211 754
211 792
211 831
212 222
212 248
212 492
212 745
212 965
213 256
213 258
213 586
213 791
213 843
213 968
213 978
213 988
214 637
214 729
214 806
214 819
214 828
214 854
215 219
215 246
215 456
215 972
215 986
215 991
216 251
216 306
216 386
216 678
216 744
216 800
216 813
217 237
217 326
217 354
217 385
217 431
217 487
217 513
217 949
218 264
218 270
218 344
218 671
218 790
219 246
219 456
219 972
219 986
219 991
220 433
220 535
220 580
220 668
220 753
220 815
220 920
220 923
220 998
221 226
221 334
221 368
221 392
221 610
221 643
221 653
221 766
221 830
222 248
222 492
222 745
222 965
223 331
223 549
223 554
223 736
223 795
223 959
224 227
224 471
224 714
224 803
224 964
225 320
225 480
225 485
225 500
225 585
225 611
226 334
226 368
226 392
226 610
226 643
226 653
226 766
226 830
227 471
227 714
227 803
227 964
228 377
228 430
228 773
228 876
228 886
228 906
229 265
229 281
229 463
229 561
229 924
229 930
230 327
230 490
230 588
230 752
230 832
230 836
230 844
230 911
231 283
231 318
231 328
231 374
231 638
231 707
231 722
231 951
232 363
232 461
232 520
232 563
232 624
232 919
233 373
233 473
233 483
233 537
233 609
233 630
233 931
233 993
234 249
234 355
234 381
234 531
234 727
234 783
234 884
234 979
235 286
235 316
235 324
235 353
235 360
235 640
235 644
235 703
235 789
236 292
236 342
236 687
236 754
236 792
236 831
237 326
237 354
237 385
237 431
237 487
237 513
237 949
238 322
238 451
238 488
238 558
238 635
238 690
238 936
239 447
239 519
239 620
239 626
239 914
240 508
240 631
240 841
240 865
240 958
240 974
241 280
241 303
241 349
241 623
241 726
241 909
241 954
241 967
242 442
242 474
242 486
242 506
242 509
242 700
242 834
242 929
243 314
243 655
243 763
243 872
243 883
243 907
244 252
244 697
244 750
244 835
244 858
244 897
244 898
244 908
244 938
245 255
245 416
245 550
245 597
245 615
245 870
245 918
245 932
246 456
246 972
246 986
246 991
247 305
247 361
247 457
247 566
248 492
248 745
248 965
249 355
249 381
249 531
249 727
249 783
249 884
249 979
250 263
250 399
250 475
250 484
250 532
250 602
250 904
251 306
251 386
251 678
251 744
251 800
251 813
252 697
252 750
252 835
252 858
252 897
252 898
252 908
252 938
253 275
253 405
253 494
253 648
253 788
253 885
253 889
254 389
254 527
254 647
254 657
254 762
254 853
255 416
255 550
255 597
255 615
255 870
255 918
255 932
256 258
256 586
256 791
256 843
256 968
256 978
256 988
257 288
257 444
257 584
257 759
257 810
257 826
257 837
257 905
258 586
258 791
258 843
258 968
258 978
258 988
259 522
259 605
259 639
259 683
259 859
260 271
260 346
260 470
260 989
261 262
261 269
261 295
261 515
261 646
261 963
262 269
262 295
262 515
262 646
262 963
263 399
263 475
263 484
263 532
263 602
263 904
264 270
264 344
264 671
264 790
265 281
265 463
265 561
265 924
265 930
266 330
266 454
266 577
266 613
266 660
266 705
266 734
266 891
267 299
267 347
267 503
267 601
267 731
267 925
267 939
267 957
268 343
268 388
268 516
268 534
268 595
268 636
268 712
268 899
268 916
269 295
269 515
269 646
269 963
270 344
270 671
270 790
271 346
271 470
271 989
272 273
272 428
272 570
272 583
272 589
272 680
272 709
272 961
273 428
273 570
273 583
273 589
273 680
273 709
273 961
274 499
274 541
274 581
274 617
274 689
274 760
274 987
275 405
275 494
275 648
275 788
275 885
275 889
276 315
276 378
276 421
276 521
276 679
276 716
276 816
276 942
276 995
277 367
277 418
277 670
277 802
277 817
277 829
278 391
278 413
278 419
278 551
278 575
278 618
279 395
279 396
279 417
279 427
279 443
279 661
279 662
279 855
280 303
280 349
280 623
280 726
280 909
280 954
280 967
281 463
281 561
281 924
281 930
282 348
282 505
282 591
282 733
282 852
283 318
283 328
283 374
283 638
283 707
283 722
283 951
284 302
284 311
284 370
284 382
284 681
284 718
284 765
284 822
285 411
285 468
285 510
285 533
285 629
285 677
285 685
285 955
286 316
286 324
286 353
286 360
286 640
286 644
286 703
286 789
287 448
287 501
287 556
287 658
287 688
287 739
287 794
287 877
287 943
288 444
288 584
288 759
288 810
288 826
288 837
288 905
289 393
289 438
289 536
289 568
289 634
289 645
289 711
289 971
290 445
290 706
290 713
290 738
290 768
290 774
290 799
290 839
291 293
291 565
291 708
291 912
292 342
292 687
292 754
292 792
292 831
293 565
293 708
293 912
294 380
294 383
294 504
294 539
294 966
294 969
295 515
295 646
295 963
296 627
296 725
296 748
296 811
296 863
296 921
297 321
297 336
297 495
297 511
297 543
297 652
297 694
298 307
298 323
298 325
298 459
298 669
298 741
299 347
299 503
299 601
299 731
299 925
299 939
299 957
300 304
300 572
300 724
300 743
300 801
300 823
300 840
300 846
301 573
301 659
301 769
301 940
302 311
302 370
302 382
302 681
302 718
302 765
302 822
303 349
303 623
303 726
303 909
303 954
303 967
304 572
304 724
304 743
304 801
304 823
304 840
304 846
305 361
305 457
305 566
306 386
306 678
306 744
306 800
306 813
307 323
307 325
307 459
307 669
307 741
308 366
308 479
308 491
308 553
308 576
308 600
308 941
309 340
309 356
309 372
309 715
309 787
309 862
309 927
310 517
310 699
310 781
310 845
310 890
310 945
310 952
311 370
311 382
311 681
311 718
311 765
311 822
312 337
312 409
312 599
312 607
312 672
312 764
312 782
312 982
312 994
313 375
313 523
313 701
313 850
313 892
313 985
314 655
314 763
314 872
314 883
314 907
315 378
315 421
315 521
315 679
315 716
315 816
315 942
315 995
316 324
316 353
316 360
316 640
316 644
316 703
316 789
317 397
317 439
317 498
317 603
317 910
317 981
318 328
318 374
318 638
318 707
318 722
318 951
319 497
319 512
319 612
319 614
319 651
319 676
319 730
319 742
319 849
320 480
320 485
320 500
320 585
320 611
321 336
321 495
321 511
321 543
321 652
321 694
322 451
322 488
322 558
322 635
322 690
322 936
323 325
323 459
323 669
323 741
324 353
324 360
324 640
324 644
324 703
324 789
325 459
325 669
325 741
326 354
326 385
326 431
326 487
326 513
326 949
327 490
327 588
327 752
327 832
327 836
327 844
327 911
328 374
328 638
328 707
328 722
328 951
329 362
329 401
329 579
329 592
329 693
329 751
329 944
329 983
330 454
330 577
330 613
330 660
330 705
330 734
330 891
331 549
331 554
331 736
331 795
331 959
332 365
332 467
332 478
332 559
332 564
332 664
332 878
333 358
333 398
333 465
333 569
333 574
333 578
333 903
333 922
333 973
334 368
334 392
334 610
334 643
334 653
334 766
334 830
335 352
335 390
335 394
335 453
335 544
335 665
335 728
336 495
336 511
336 543
336 652
336 694
337 409
337 599
337 607
337 672
337 764
337 782
337 982
337 994
338 608
338 641
338 696
338 698
338 740
338 757
338 758
338 856
339 369
339 437
339 530
339 604
339 691
339 737
339 780
340 356
340 372
340 715
340 787
340 862
340 927
341 376
341 435
341 540
341 562
341 838
341 970
341 977
342 687
342 754
342 792
342 831
343 388
343 516
343 534
343 595
343 636
343 712
343 899
343 916
344 671
344 790
345 432
345 466
345 502
345 814
345 860
345 996
346 470
346 989
347 503
347 601
347 731
347 925
347 939
347 957
348 505
348 591
348 733
348 852
349 623
349 726
349 909
349 954
349 967
350 357
350 594
350 596
350 746
350 933
350 948
351 400
351 682
351 732
351 735
351 874
351 879
351 893
352 390
352 394
352 453
352 544
352 665
352 728
353 360
353 640
353 644
353 703
353 789
354 385
354 431
354 487
354 513
354 949
355 381
355 531
355 727
355 783
355 884
355 979
356 372
356 715
356 787
356 862
356 927
357 594
357 596
357 746
357 933
357 948
358 398
358 465
358 569
358 574
358 578
358 903
358 922
358 973
359 481
359 723
359 755
359 851
359 984
359 997
360 640
360 644
360 703
360 789
361 457
361 566
362 401
362 579
362 592
362 693
362 751
362 944
362 983
363 461
363 520
363 563
363 624
363 919
364 379
364 415
364 423
364 452
364 567
364 628
364 667
364 793
364 809
365 467
365 478
365 559
365 564
365 664
365 878
366 479
366 491
366 553
366 576
366 600
366 941
367 418
367 670
367 802
367 817
367 829
368 392
368 610
368 643
368 653
368 766
368 830
369 437
369 530
369 604
369 691
369 737
369 780
370 382
370 681
370 718
370 765
370 822
371 406
371 496
371 710
371 776
371 842
371 868
371 934
372 715
372 787
372 862
372 927
373 473
373 483
373 537
373 609
373 630
373 931
373 993
374 638
374 707
374 722
374 951
375 523
375 701
375 850
375 892
375 985
376 435
376 540
376 562
376 838
376 970
376 977
377 430
377 773
377 876
377 886
377 906
378 421
378 521
378 679
378 716
378 816
378 942
378 995
379 415
379 423
379 452
379 567
379 628
379 667
379 793
379 809
380 383
380 504
380 539
380 966
380 969
381 531
381 727
381 783
381 884
381 979
382 681
382 718
382 765
382 822
383 504
383 539
383 966
383 969
384 518
384 771
384 779
384 867
384 896
384 913
384 926
385 431
385 487
385 513
385 949
386 678
386 744
386 800
386 813
387 472
387 560
387 702
387 778
387 848
387 887
388 516
388 534
388 595
388 636
388 712
388 899
388 916
389 527
389 647
389 657
389 762
389 853
390 394
390 453
390 544
390 665
390 728
391 413
391 419
391 551
391 575
391 618
392 610
392 643
392 653
392 766
392 830
393 438
393 536
393 568
393 634
393 645
393 711
393 971
394 453
394 544
394 665
394 728
395 396
395 417
395 427
395 443
395 661
395 662
395 855
396 417
396 427
396 443
396 661
396 662
396 855
397 439
397 498
397 603
397 910
397 981
398 465
398 569
398 574
398 578
398 903
398 922
398 973
399 475
399 484
399 532
399 602
399 904
400 682
400 732
400 735
400 874
400 879
400 893
401 579
401 592
401 693
401 751
401 944
401 983
402 408
402 507
402 720
402 721
402 747
402 861
402 935
403 528
403 598
403 650
403 704
403 749
403 976
404 422
404 426
404 462
404 493
404 632
404 717
404 992
405 494
405 648
405 788
405 885
405 889
406 496
406 710
406 776
406 842
406 868
406 934
407 450
407 606
407 619
407 767
407 900
407 901
408 507
408 720
408 721
408 747
408 861
408 935
409 599
409 607
409 672
409 764
409 782
409 982
409 994
410 440
410 460
410 469
410 552
410 621
410 663
410 888
410 975
411 468
411 510
411 533
411 629
411 677
411 685
411 955
412 434
412 458
412 542
412 770
412 825
412 881
412 917
413 419
413 551
413 575
413 618
414 429
414 526
414 642
414 675
414 684
414 777
415 423
415 452
415 567
415 628
415 667
415 793
415 809
416 550
416 597
416 615
416 870
416 918
416 932
417 427
417 443
417 661
417 662
417 855
418 670
418 802
418 817
418 829
419 551
419 575
419 618
420 514
420 529
420 798
420 824
420 847
421 521
421 679
421 716
421 816
421 942
421 995
422 426
422 462
422 493
422 632
422 717
422 992
423 452
423 567
423 628
423 667
423 793
423 809
424 616
424 656
424 761
424 804
424 807
424 820
424 821
425 441
425 524
425 546
425 666
425 775
425 818
425 833
426 462
426 493
426 632
426 717
426 992
427 443
427 661
427 662
427 855
428 570
428 583
428 589
428 680
428 709
428 961
429 526
429 642
429 675
429 684
429 777
430 773
430 876
430 886
430 906
431 487
431 513
431 949
432 466
432 502
432 814
432 860
432 996
433 535
433 580
433 668
433 753
433 815
433 920
433 923
433 998
434 458
434 542
434 770
434 825
434 881
434 917
435 540
435 562
435 838
435 970
435 977
436 464
436 547
436 548
436 649
436 950
436 960
437 530
437 604
437 691
437 737
437 780
438 536
438 568
438 634
438 645
438 711
438 971
439 498
439 603
439 910
439 981
440 460
440 469
440 552
440 621
440 663
440 888
440 975
441 524
441 546
441 666
441 775
441 818
441 833
442 474
442 486
442 506
442 509
442 700
442 834
442 929
443 661
443 662
443 855
444 584
444 759
444 810
444 826
444 837
444 905
445 706
445 713
445 738
445 768
445 774
445 799
445 839
446 477
446 545
446 571
446 686
446 827
446 880
446 999
447 519
447 620
447 626
447 914
448 501
448 556
448 658
448 688
448 739
448 794
448 877
448 943
449 525
449 555
449 654
449 673
449 786
449 869
449 882
450 606
450 619
450 767
450 900
450 901
451 488
451 558
451 635
451 690
451 936
452 567
452 628
452 667
452 793
452 809
453 544
453 665
453 728
454 577
454 613
454 660
454 705
454 734
454 891
455 476
455 587
455 797
455 866
455 871
455 894
455 962
456 972
456 986
456 991
457 566
458 542
458 770
458 825
458 881
458 917
459 669
459 741
460 469
460 552
460 621
460 663
460 888
460 975
461 520
461 563
461 624
461 919
462 493
462 632
462 717
462 992
463 561
463 924
463 930
464 547
464 548
464 649
464 950
464 960
465 569
465 574
465 578
465 903
465 922
465 973
466 502
466 814
466 860
466 996
467 478
467 559
467 564
467 664
467 878
468 510
468 533
468 629
468 677
468 685
468 955
469 552
469 621
469 663
469 888
469 975
470 989
471 714
471 803
471 964
472 560
472 702
472 778
472 848
472 887
473 483
473 537
473 609
473 630
473 931
473 993
474 486
474 506
474 509
474 700
474 834
474 929
475 484
475 532
475 602
475 904
476 587
476 797
476 866
476 871
476 894
476 962
477 545
477 571
477 686
477 827
477 880
477 999
478 559
478 564
478 664
478 878
479 491
479 553
479 576
479 600
479 941
480 485
480 500
480 585
480 611
481 723
481 755
481 851
481 984
481 997
482 582
482 719
482 785
482 796
482 808
482 864
482 875
482 895
482 915
483 537
483 609
483 630
483 931
483 993
484 532
484 602
484 904
485 500
485 585
485 611
486 506
486 509
486 700
486 834
486 929
487 513
487 949
488 558
488 635
488 690
488 936
489 557
489 590
489 784
489 947
489 956
490 588
490 752
490 832
490 836
490 844
490 911
491 553
491 576
491 600
491 941
492 745
492 965
493 632
493 717
493 992
494 648
494 788
494 885
494 889
495 511
495 543
495 652
495 694
496 710
496 776
496 842
496 868
496 934
497 512
497 612
497 614
497 651
497 676
497 730
497 742
497 849
498 603
498 910
498 981
499 541
499 581
499 617
499 689
499 760
499 987
500 585
500 611
501 556
501 658
501 688
501 739
501 794
501 877
501 943
502 814
502 860
502 996
503 601
503 731
503 925
503 939
503 957
504 539
504 966
504 969
505 591
505 733
505 852
506 509
506 700
506 834
506 929
507 720
507 721
507 747
507 861
507 935
508 631
508 841
508 865
508 958
508 974
509 700
509 834
509 929
510 533
510 629
510 677
510 685
510 955
511 543
511 652
511 694
512 612
512 614
512 651
512 676
512 730
512 742
512 849
513 949
514 529
514 798
514 824
514 847
515 646
515 963
516 534
516 595
516 636
516 712
516 899
516 916
517 699
517 781
517 845
517 890
517 945
517 952
518 771
518 779
518 867
518 896
518 913
518 926
519 620
519 626
519 914
520 563
520 624
520 919
521 679
521 716
521 816
521 942
521 995
522 605
522 639
522 683
522 859
523 701
523 850
523 892
523 985
524 546
524 666
524 775
524 818
524 833
525 555
525 654
525 673
525 786
525 869
525 882
526 642
526 675
526 684
526 777
527 647
527 657
527 762
527 853
528 598
528 650
528 704
528 749
528 976
529 798
529 824
529 847
530 604
530 691
530 737
530 780
531 727
531 783
531 884
531 979
532 602
532 904
533 629
533 677
533 685
533 955
534 595
534 636
534 712
534 899
534 916
535 580
535 668
535 753
535 815
535 920
535 923
535 998
536 568
536 634
536 645
536 711
536 971
537 609
537 630
537 931
537 993
538 812
538 857
538 873
538 902
538 946
538 980
539 966
539 969
540 562
540 838
540 970
540 977
541 581
541 617
541 689
541 760
541 987
542 770
542 825
542 881
542 917
543 652
543 694
544 665
544 728
545 571
545 686
545 827
545 880
545 999
546 666
546 775
546 818
546 833
547 548
547 649
547 950
547 960
548 649
548 950
548 960
549 554
549 736
549 795
549 959
550 597
550 615
550 870
550 918
550 932
551 575
551 618
552 621
552 663
552 888
552 975
553 576
553 600
553 941
554 736
554 795
554 959
555 654
555 673
555 786
555 869
555 882
556 658
556 688
556 739
556 794
556 877
556 943
557 590
557 784
557 947
557 956
558 635
558 690
558 936
559 564
559 664
559 878
560 702
560 778
560 848
560 887
561 924
561 930
562 838
562 970
562 977
563 624
563 919
564 664
564 878
565 708
565 912
567 628
567 667
567 793
567 809
568 634
568 645
568 711
568 971
569 574
569 578
569 903
569 922
569 973
570 583
570 589
570 680
570 709
570 961
571 686
571 827
571 880
571 999
572 724
572 743
572 801
572 823
572 840
572 846
573 659
573 769
573 940
574 578
574 903
574 922
574 973
575 618
576 600
576 941
577 613
577 660
577 705
577 734
577 891
578 903
578 922
578 973
579 592
579 693
579 751
579 944
579 983
580 668
580 753
580 815
580 920
580 923
580 998
581 617
581 689
581 760
581 987
582 719
582 785
582 796
582 808
582 864
582 875
582 895
582 915
583 589
583 680
583 709
583 961
584 759
584 810
584 826
584 837
584 905
585 611
586 791
586 843
586 968
586 978
586 988
587 797
587 866
587 871
587 894
587 962
588 752
588 832
588 836
588 844
588 911
589 680
589 709
589 961
590 784
590 947
590 956
591 733
591 852
592 693
592 751
592 944
592 983
593 622
593 625
593 674
593 695
593 928
593 937
594 596
594 746
594 933
594 948
595 636
595 712
595 899
595 916
596 746
596 933
596 948
597 615
597 870
597 918
597 932
598 650
598 704
598 749
598 976
599 607
599 672
599 764
599 782
599 982
599 994
600 941
601 731
601 925
601 939
601 957
602 904
603 910
603 981
604 691
604 737
604 780
605 639
605 683
605 859
606 619
606 767
606 900
606 901
607 672
607 764
607 782
607 982
607 994
608 641
608 696
608 698
608 740
608 757
608 758
608 856
609 630
609 931
609 993
610 643
610 653
610 766
610 830
612 614
612 651
612 676
612 730
612 742
612 849
613 660
613 705
613 734
613 891
614 651
614 676
614 730
614 742
614 849
615 870
615 918
615 932
616 656
616 761
616 804
616 807
616 820
616 821
617 689
617 760
617 987
619 767
619 900
619 901
620 626
620 914
621 663
621 888
621 975
622 625
622 674
622 695
622 928
622 937
623 726
623 909
623 954
623 967
624 919
625 674
625 695
625 928
625 937
626 914
627 725
627 748
627 811
627 863
627 921
628 667
628 793
628 809
629 677
629 685
629 955
630 931
630 993
631 841
631 865
631 958
631 974
632 717
632 992
633 692
633 756
633 772
633 805
633 953
633 990
634 645
634 711
634 971
635 690
635 936
636 712
636 899
636 916
637 729
637 806
637 819
637 828
637 854
638 707
638 722
638 951
639 683
639 859
640 644
640 703
640 789
641 696
641 698
641 740
641 757
641 758
641 856
642 675
642 684
642 777
643 653
643 766
643 830
644 703
644 789
645 711
645 971
646 963
647 657
647 762
647 853
648 788
648 885
648 889
649 950
649 960
650 704
650 749
650 976
651 676
651 730
651 742
651 849
652 694
653 766
653 830
654 673
654 786
654 869
654 882
655 763
655 872
655 883
655 907
656 761
656 804
656 807
656 820
656 821
657 762
657 853
658 688
658 739
658 794
658 877
658 943
659 769
659 940
660 705
660 734
660 891
661 662
661 855
662 855
663 888
663 975
664 878
665 728
666 775
666 818
666 833
667 793
667 809
668 753
668 815
668 920
668 923
668 998
669 741
670 802
670 817
670 829
671 790
672 764
672 782
672 982
672 994
673 786
673 869
673 882
674 695
674 928
674 937
675 684
675 777
676 730
676 742
676 849
677 685
677 955
678 744
678 800
678 813
679 716
679 816
679 942
679 995
680 709
680 961
681 718
681 765
681 822
682 732
682 735
682 874
682 879
682 893
683 859
684 777
685 955
686 827
686 880
686 999
687 754
687 792
687 831
688 739
688 794
688 877
688 943
689 760
689 987
690 936
691 737
691 780
692 756
692 772
692 805
692 953
692 990
693 751
693 944
693 983
695 928
695 937
696 698
696 740
696 757
696 758
696 856
697 750
697 835
697 858
697 897
697 898
697 908
697 938
698 740
698 757
698 758
698 856
699 781
699 845
699 890
699 945
699 952
700 834
700 929
701 850
701 892
701 985
702 778
702 848
702 887
703 789
704 749
704 976
705 734
705 891
706 713
706 738
706 768
706 774
706 799
706 839
707 722
707 951
708 912
709 961
710 776
710 842
710 868
710 934
711 971
712 899
712 916
713 738
713 768
713 774
713 799
713 839
714 803
714 964
715 787
715 862
715 927
716 816
716 942
716 995
717 992
718 765
718 822
719 785
719 796
719 808
719 864
719 875
719 895
719 915
720 721
720 747
720 861
720 935
721 747
721 861
721 935
722 951
723 755
723 851
723 984
723 997
724 743
724 801
724 823
724 840
724 846
725 748
725 811
725 863
725 921
726 909
726 954
726 967
727 783
727 884
727 979
729 806
729 819
729 828
729 854
730 742
730 849
731 925
731 939
731 957
732 735
732 874
732 879
732 893
733 852
734 891
735 874
735 879
735 893
736 795
736 959
737 780
738 768
738 774
738 799
738 839
739 794
739 877
739 943
740 757
740 758
740 856
742 849
743 801
743 823
743 840
743 846
744 800
744 813
745 965
746 933
746 948
747 861
747 935
748 811
748 863
748 921
749 976
750 835
750 858
750 897
750 898
750 908
750 938
751 944
751 983
752 832
752 836
752 844
752 911
753 815
753 920
753 923
753 998
754 792
754 831
755 851
755 984
755 997
756 772
756 805
756 953
756 990
757 758
757 856
758 856
759 810
759 826
759 837
759 905
760 987
761 804
761 807
761 820
761 821
762 853
763 872
763 883
763 907
764 782
764 982
764 994
765 822
766 830
767 900
767 901
768 774
768 799
768 839
769 940
770 825
770 881
770 917
771 779
771 867
771 896
771 913
771 926
772 805
772 953
772 990
773 876
773 886
773 906
774 799
774 839
775 818
775 833
776 842
776 868
776 934
778 848
778 887
779 867
779 896
779 913
779 926
781 845
781 890
781 945
781 952
782 982
782 994
783 884
783 979
784 947
784 956
785 796
785 808
785 864
785 875
785 895
785 915
786 869
786 882
787 862
787 927
788 885
788 889
791 843
791 968
791 978
791 988
792 831
793 809
794 877
794 943
795 959
796 808
796 864
796 875
796 895
796 915
797 866
797 871
797 894
797 962
798 824
798 847
799 839
800 813
801 823
801 840
801 846
802 817
802 829
803 964
804 807
804 820
804 821
805 953
805 990
806 819
806 828
806 854
807 820
807 821
808 864
808 875
808 895
808 915
810 826
810 837
810 905
811 863
811 921
812 857
812 873
812 902
812 946
812 980
814 860
814 996
815 920
815 923
815 998
816 942
816 995
817 829
818 833
819 828
819 854
820 821
823 840
823 846
824 847
825 881
825 917
826 837
826 905
827 880
827 999
828 854
832 836
832 844
832 911
834 929
835 858
835 897
835 898
835 908
835 938
836 844
836 911
837 905
838 970
838 977
840 846
841 865
841 958
841 974
842 868
842 934
843 968
843 978
843 988
844 911
845 890
845 945
845 952
848 887
850 892
850 985
851 984
851 997
857 873
857 902
857 946
857 980
858 897
858 898
858 908
858 938
860 996
861 935
862 927
863 921
864 875
864 895
864 915
865 958
865 974
866 871
866 894
866 962
867 896
867 913
867 926
868 934
869 882
870 918
870 932
871 894
871 962
872 883
872 907
873 902
873 946
873 980
874 879
874 893
875 895
875 915
876 886
876 906
877 943
879 893
880 999
881 917
883 907
884 979
885 889
886 906
888 975
890 945
890 952
892 985
894 962
895 915
896 913
896 926
897 898
897 908
897 938
898 908
898 938
899 916
900 901
902 946
902 980
903 922
903 973
908 938
909 954
909 967
910 981
913 926
918 932
920 923
920 998
922 973
923 998
924 930
925 939
925 957
928 937
931 993
933 948
939 957
942 995
944 983
945 952
946 980
947 956
950 960
953 990
954 967
958 974
966 969
968 978
968 988
970 977
972 986
972 991
978 988
982 994
984 997
986 991
