1250 7200
0 454
0 467
0 532
0 611
0 835
0 1009
0 1023
0 1035
0 1075
0 1099
0 1167
1 91
1 261
1 266
1 277
1 494
1 824
1 845
1 910
1 911
1 970
1 1185
2 39
2 182
2 202
2 345
2 392
2 535
2 619
2 640
2 799
2 837
2 1124
2 1166
3 297
3 319
3 333
3 518
3 541
3 703
3 914
3 937
3 1015
3 1139
3 1221
3 1234
4 27
4 131
4 288
4 497
4 580
4 657
4 804
4 858
4 874
4 898
4 1149
5 130
5 155
5 232
5 292
5 324
5 774
5 1014
5 1030
5 1097
5 1108
5 1245
5 1247
6 34
6 49
6 57
6 265
6 397
6 402
6 457
6 741
6 986
6 1000
6 1208
7 61
7 98
7 268
7 305
7 339
7 399
7 714
7 794
7 906
7 1101
7 1244
8 13
8 159
8 169
8 183
8 301
8 327
8 425
8 595
8 742
8 952
8 1091
9 92
9 111
9 352
9 446
9 452
9 476
9 592
9 721
9 766
9 1026
9 1031
9 1064
10 332
10 381
10 441
10 664
10 689
10 767
10 829
10 996
10 1041
10 1061
10 1142
11 145
11 224
11 308
11 496
11 542
11 565
11 597
11 900
11 992
11 1058
11 1128
11 1132
12 54
12 132
12 196
12 213
12 289
12 499
12 750
12 818
12 931
12 988
12 1042
12 1201
13 159
13 169
13 183
13 301
13 327
13 425
13 595
13 742
13 952
13 1091
14 270
14 283
14 342
14 373
14 630
14 684
14 815
14 936
14 1103
14 1162
14 1182
14 1210
15 142
15 304
15 358
15 387
15 421
15 448
15 615
15 633
15 814
15 1002
15 1021
15 1183
16 152
16 163
16 234
16 365
16 394
16 396
16 408
16 817
16 884
16 1048
16 1090
16 1153
17 19
17 177
17 185
17 188
17 212
17 215
17 218
17 276
17 867
17 893
17 1069
17 1112
18 125
18 237
18 306
18 401
18 726
18 807
18 862
18 1039
18 1043
18 1115
18 1157
19 177
19 185
19 188
19 212
19 215
19 218
19 276
19 867
19 893
19 1069
19 1112
20 262
20 529
20 656
20 772
20 841
20 881
20 997
20 1034
20 1144
20 1161
20 1213
21 103
21 456
21 465
21 511
21 563
21 643
21 683
21 736
21 763
21 886
21 989
21 1150
22 33
22 353
22 477
22 577
22 591
22 674
22 833
22 908
22 968
22 1025
22 1129
22 1147
23 211
23 579
23 629
23 646
23 691
23 718
23 872
23 955
23 1093
23 1100
23 1239
24 123
24 194
24 314
24 386
24 430
24 460
24 495
24 543
24 570
24 626
24 916
24 972
25 161
25 271
25 382
25 418
25 426
25 524
25 618
25 747
25 780
25 913
25 1178
26 282
26 287
26 299
26 313
26 432
26 453
26 488
26 522
26 776
26 852
26 883
26 1189
27 131
27 288
27 497
27 580
27 657
27 804
27 858
27 874
27 898
27 1149
28 55
28 96
28 451
28 575
28 717
28 840
28 935
28 947
28 979
28 1120
28 1197
29 59
29 64
29 81
29 388
29 546
29 550
29 746
29 847
29 859
29 1121
29 1192
30 79
30 298
30 320
30 419
30 530
30 676
30 806
30 865
30 958
30 1054
30 1154
31 43
31 66
31 278
31 513
31 593
31 598
31 605
31 687
31 873
31 899
31 922
31 1220
32 46
32 207
32 389
32 434
32 470
32 586
32 612
32 755
32 775
32 1055
32 1117
32 1145
33 353
33 477
33 577
33 591
33 674
33 833
33 908
33 968
33 1025
33 1129
33 1147
34 49
34 57
34 265
34 397
34 402
34 457
34 741
34 986
34 1000
34 1208
35 44
35 122
35 151
35 162
35 189
35 286
35 559
35 617
35 659
35 678
35 1215
36 85
36 121
36 147
36 331
36 383
36 486
36 503
36 609
36 822
36 830
36 990
36 1165
37 53
37 101
37 227
37 583
37 636
37 661
37 666
37 764
37 944
37 1136
37 1207
38 80
38 90
38 94
38 156
38 361
38 412
38 478
38 487
38 548
38 945
38 1018
38 1068
39 182
39 202
39 345
39 392
39 535
39 619
39 640
39 799
39 837
39 1124
39 1166
40 140
40 325
40 376
40 461
40 475
40 483
40 928
40 993
40 1051
40 1109
40 1180
41 670
41 801
41 919
41 983
41 1007
41 1098
41 1163
41 1169
41 1198
41 1222
41 1228
41 1243
42 104
42 263
42 291
42 697
42 943
42 969
42 981
42 994
42 1001
42 1050
42 1242
43 66
43 278
43 513
43 593
43 598
43 605
43 687
43 873
43 899
43 922
43 1220
44 122
44 151
44 162
44 189
44 286
44 559
44 617
44 659
44 678
44 1215
45 52
45 118
45 427
45 502
45 668
45 740
45 825
45 868
45 1081
45 1116
45 1172
46 207
46 389
46 434
46 470
46 586
46 612
46 755
46 775
46 1055
46 1117
46 1145
47 73
47 321
47 366
47 378
47 699
47 864
47 882
47 953
47 1190
47 1217
47 1248
48 197
48 208
48 222
48 544
48 641
48 761
48 854
48 950
48 1028
48 1066
48 1071
48 1233
49 57
49 265
49 397
49 402
49 457
49 741
49 986
49 1000
49 1208
50 346
50 370
50 606
50 650
50 667
50 715
50 784
50 1024
50 1060
50 1235
50 1237
51 100
51 146
51 300
51 356
51 374
51 485
51 526
51 675
51 805
51 961
51 1045
51 1141
52 118
52 427
52 502
52 668
52 740
52 825
52 868
52 1081
52 1116
52 1172
53 101
53 227
53 583
53 636
53 661
53 666
53 764
53 944
53 1136
53 1207
54 132
54 196
54 213
54 289
54 499
54 750
54 818
54 931
54 988
54 1042
54 1201
55 96
55 451
55 575
55 717
55 840
55 935
55 947
55 979
55 1120
55 1197
56 83
56 105
56 143
56 198
56 328
56 411
56 523
56 665
56 696
56 713
56 1070
56 1089
57 265
57 397
57 402
57 457
57 741
57 986
57 1000
57 1208
58 86
58 102
58 203
58 275
58 343
58 415
58 695
58 710
58 752
58 783
58 971
59 64
59 81
59 388
59 546
59 550
59 746
59 847
59 859
59 1121
59 1192
60 326
60 479
60 519
60 545
60 552
60 561
60 773
60 887
60 1003
60 1079
60 1106
61 98
61 268
61 305
61 339
61 399
61 714
61 794
61 906
61 1101
61 1244
62 78
62 180
62 221
62 480
62 490
62 567
62 688
62 724
62 787
62 846
62 860
62 866
63 144
63 158
63 206
63 371
63 445
63 463
63 705
63 716
63 812
63 901
63 939
63 1231
64 81
64 388
64 546
64 550
64 746
64 847
64 859
64 1121
64 1192
65 229
65 230
65 267
65 360
65 500
65 601
65 624
65 790
65 912
65 1104
65 1113
65 1249
66 278
66 513
66 593
66 598
66 605
66 687
66 873
66 899
66 922
66 1220
67 116
67 137
67 295
67 303
67 367
67 414
67 571
67 753
67 760
67 976
67 1053
67 1202
68 126
68 351
68 393
68 449
68 514
68 679
68 744
68 831
68 839
68 1077
68 1155
68 1212
69 192
69 290
69 296
69 372
69 528
69 622
69 777
69 1052
69 1158
69 1209
69 1236
70 106
70 114
70 134
70 150
70 244
70 422
70 856
70 876
70 1074
70 1137
70 1159
71 133
71 173
71 734
71 828
71 878
71 894
71 915
71 964
71 1160
71 1191
71 1195
72 74
72 87
72 231
72 340
72 455
72 904
72 925
72 960
72 975
72 1059
72 1073
73 321
73 366
73 378
73 699
73 864
73 882
73 953
73 1190
73 1217
73 1248
74 87
74 231
74 340
74 455
74 904
74 925
74 960
74 975
74 1059
74 1073
75 97
75 437
75 472
75 473
75 540
75 556
75 566
75 658
75 820
75 980
75 1046
76 84
76 113
76 167
76 354
76 428
76 584
76 821
76 826
76 1126
76 1227
76 1246
77 88
77 172
77 195
77 341
77 384
77 468
77 581
77 631
77 642
77 889
77 909
77 1125
78 180
78 221
78 480
78 490
78 567
78 688
78 724
78 787
78 846
78 860
78 866
79 298
79 320
79 419
79 530
79 676
79 806
79 865
79 958
79 1054
79 1154
80 90
80 94
80 156
80 361
80 412
80 478
80 487
80 548
80 945
80 1018
80 1068
81 388
81 546
81 550
81 746
81 847
81 859
81 1121
81 1192
82 187
82 247
82 315
82 407
82 662
82 680
82 782
82 842
82 907
82 1095
82 1143
82 1203
83 105
83 143
83 198
83 328
83 411
83 523
83 665
83 696
83 713
83 1070
83 1089
84 113
84 167
84 354
84 428
84 584
84 821
84 826
84 1126
84 1227
84 1246
85 121
85 147
85 331
85 383
85 486
85 503
85 609
85 822
85 830
85 990
85 1165
86 102
86 203
86 275
86 343
86 415
86 695
86 710
86 752
86 783
86 971
87 231
87 340
87 455
87 904
87 925
87 960
87 975
87 1059
87 1073
88 172
88 195
88 341
88 384
88 468
88 581
88 631
88 642
88 889
88 909
88 1125
89 228
89 248
89 420
89 438
89 439
89 572
89 607
89 709
89 785
89 1019
89 1086
89 1193
90 94
90 156
90 361
90 412
90 478
90 487
90 548
90 945
90 1018
90 1068
91 261
91 266
91 277
91 494
91 824
91 845
91 910
91 911
91 970
91 1185
92 111
92 352
92 446
92 452
92 476
92 592
92 721
92 766
92 1026
92 1031
92 1064
93 117
93 135
93 138
93 186
93 238
93 364
93 484
93 537
93 757
93 810
93 923
94 156
94 361
94 412
94 478
94 487
94 548
94 945
94 1018
94 1068
95 193
95 258
95 322
95 379
95 440
95 527
95 682
95 751
95 778
95 855
95 918
95 941
96 451
96 575
96 717
96 840
96 935
96 947
96 979
96 1120
96 1197
97 437
97 472
97 473
97 540
97 556
97 566
97 658
97 820
97 980
97 1046
98 268
98 305
98 339
98 399
98 714
98 794
98 906
98 1101
98 1244
99 153
99 219
99 309
99 385
99 459
99 693
99 792
99 795
99 932
99 1057
99 1080
100 146
100 300
100 356
100 374
100 485
100 526
100 675
100 805
100 961
100 1045
100 1141
101 227
101 583
101 636
101 661
101 666
101 764
101 944
101 1136
101 1207
102 203
102 275
102 343
102 415
102 695
102 710
102 752
102 783
102 971
103 456
103 465
103 511
103 563
103 643
103 683
103 736
103 763
103 886
103 989
103 1150
104 263
104 291
104 697
104 943
104 969
104 981
104 994
104 1001
104 1050
104 1242
105 143
105 198
105 328
105 411
105 523
105 665
105 696
105 713
105 1070
105 1089
106 114
106 134
106 150
106 244
106 422
106 856
106 876
106 1074
106 1137
106 1159
107 127
107 190
107 264
107 377
107 435
107 638
107 738
107 926
107 965
107 1164
107 1188
107 1240
108 223
108 391
108 405
108 424
108 489
108 505
108 507
108 554
108 798
108 851
108 1181
109 259
109 338
109 409
109 525
109 576
109 735
109 930
109 1040
109 1092
109 1170
109 1241
110 334
110 413
110 628
110 698
110 754
110 759
110 954
110 1083
110 1123
110 1173
110 1199
110 1229
111 352
111 446
111 452
111 476
111 592
111 721
111 766
111 1026
111 1031
111 1064
112 214
112 235
112 310
112 410
112 436
112 491
112 569
112 573
112 1032
112 1037
112 1156
113 167
113 354
113 428
113 584
113 821
113 826
113 1126
113 1227
113 1246
114 134
114 150
114 244
114 422
114 856
114 876
114 1074
114 1137
114 1159
115 170
115 249
115 390
115 471
115 549
115 582
115 587
115 590
115 957
115 1138
115 1174
115 1186
116 137
116 295
116 303
116 367
116 414
116 571
116 753
116 760
116 976
116 1053
116 1202
117 135
117 138
117 186
117 238
117 364
117 484
117 537
117 757
117 810
117 923
118 427
118 502
118 668
118 740
118 825
118 868
118 1081
118 1116
118 1172
119 217
119 220
119 517
119 574
119 720
119 789
119 836
119 967
119 1094
119 1122
119 1225
120 129
120 257
120 406
120 469
120 539
120 781
120 849
120 880
120 902
120 942
120 1204
121 147
121 331
121 383
121 486
121 503
121 609
121 822
121 830
121 990
121 1165
122 151
122 162
122 189
122 286
122 559
122 617
122 659
122 678
122 1215
123 194
123 314
123 386
123 430
123 460
123 495
123 543
123 570
123 626
123 916
123 972
124 209
124 252
124 307
124 474
124 558
124 712
124 809
124 823
124 1038
124 1130
124 1214
125 237
125 306
125 401
125 726
125 807
125 862
125 1039
125 1043
125 1115
125 1157
126 351
126 393
126 449
126 514
126 679
126 744
126 831
126 839
126 1077
126 1155
126 1212
127 190
127 264
127 377
127 435
127 638
127 738
127 926
127 965
127 1164
127 1188
127 1240
128 274
128 279
128 336
128 355
128 504
128 681
128 733
128 803
128 985
128 1119
128 1146
129 257
129 406
129 469
129 539
129 781
129 849
129 880
129 902
129 942
129 1204
130 155
130 232
130 292
130 324
130 774
130 1014
130 1030
130 1097
130 1108
130 1245
130 1247
131 288
131 497
131 580
131 657
131 804
131 858
131 874
131 898
131 1149
132 196
132 213
132 289
132 499
132 750
132 818
132 931
132 988
132 1042
132 1201
133 173
133 734
133 828
133 878
133 894
133 915
133 964
133 1160
133 1191
133 1195
134 150
134 244
134 422
134 856
134 876
134 1074
134 1137
134 1159
135 138
135 186
135 238
135 364
135 484
135 537
135 757
135 810
135 923
136 302
136 431
136 547
136 596
136 625
136 729
136 769
136 870
136 927
136 1105
136 1200
136 1232
137 295
137 303
137 367
137 414
137 571
137 753
137 760
137 976
137 1053
137 1202
138 186
138 238
138 364
138 484
138 537
138 757
138 810
138 923
139 165
139 520
139 555
139 560
139 589
139 711
139 730
139 771
139 879
139 959
139 963
139 1006
140 325
140 376
140 461
140 475
140 483
140 928
140 993
140 1051
140 1109
140 1180
141 255
141 562
141 588
141 652
141 673
141 732
141 796
141 903
141 929
141 1036
141 1082
141 1238
142 304
142 358
142 387
142 421
142 448
142 615
142 633
142 814
142 1002
142 1021
142 1183
143 198
143 328
143 411
143 523
143 665
143 696
143 713
143 1070
143 1089
144 158
144 206
144 371
144 445
144 463
144 705
144 716
144 812
144 901
144 939
144 1231
145 224
145 308
145 496
145 542
145 565
145 597
145 900
145 992
145 1058
145 1128
145 1132
146 300
146 356
146 374
146 485
146 526
146 675
146 805
146 961
146 1045
146 1141
147 331
147 383
147 486
147 503
147 609
147 822
147 830
147 990
147 1165
148 400
148 416
148 585
148 610
148 802
148 921
148 1005
148 1008
148 1084
148 1148
148 1171
148 1177
149 226
149 233
149 239
149 557
149 621
149 623
149 655
149 725
149 770
149 885
149 949
149 951
150 244
150 422
150 856
150 876
150 1074
150 1137
150 1159
151 162
151 189
151 286
151 559
151 617
151 659
151 678
151 1215
152 163
152 234
152 365
152 394
152 396
152 408
152 817
152 884
152 1048
152 1090
152 1153
153 219
153 309
153 385
153 459
153 693
153 792
153 795
153 932
153 1057
153 1080
154 210
154 269
154 330
154 510
154 700
154 719
154 813
154 877
154 948
154 1049
154 1175
155 232
155 292
155 324
155 774
155 1014
155 1030
155 1097
155 1108
155 1245
155 1247
156 361
156 412
156 478
156 487
156 548
156 945
156 1018
156 1068
157 179
157 273
157 280
157 464
157 481
157 620
157 827
157 895
157 940
157 1096
157 1211
158 206
158 371
158 445
158 463
158 705
158 716
158 812
158 901
158 939
158 1231
159 169
159 183
159 301
159 327
159 425
159 595
159 742
159 952
159 1091
160 240
160 329
160 363
160 639
160 749
160 765
160 811
160 890
160 966
160 1029
160 1033
161 271
161 382
161 418
161 426
161 524
161 618
161 747
161 780
161 913
161 1178
162 189
162 286
162 559
162 617
162 659
162 678
162 1215
163 234
163 365
163 394
163 396
163 408
163 817
163 884
163 1048
163 1090
163 1153
164 178
164 312
164 344
164 515
164 648
164 728
164 745
164 748
164 758
164 797
164 1072
164 1111
165 520
165 555
165 560
165 589
165 711
165 730
165 771
165 879
165 959
165 963
165 1006
166 200
166 350
166 442
166 447
166 533
166 613
166 637
166 654
166 663
166 692
166 869
166 977
167 354
167 428
167 584
167 821
167 826
167 1126
167 1227
167 1246
168 191
168 243
168 285
168 509
168 516
168 686
168 694
168 743
168 995
168 1205
168 1226
169 183
169 301
169 327
169 425
169 595
169 742
169 952
169 1091
170 249
170 390
170 471
170 549
170 582
170 587
170 590
170 957
170 1138
170 1174
170 1186
171 176
171 251
171 347
171 644
171 647
171 702
171 897
171 946
171 978
171 1152
171 1218
171 1224
172 195
172 341
172 384
172 468
172 581
172 631
172 642
172 889
172 909
172 1125
173 734
173 828
173 878
173 894
173 915
173 964
173 1160
173 1191
173 1195
174 199
174 362
174 369
174 506
174 599
174 672
174 677
174 722
174 727
174 1107
174 1134
174 1176
175 242
175 246
175 417
175 429
175 458
175 462
175 669
175 819
175 838
175 1067
175 1223
176 251
176 347
176 644
176 647
176 702
176 897
176 946
176 978
176 1152
176 1218
176 1224
177 185
177 188
177 212
177 215
177 218
177 276
177 867
177 893
177 1069
177 1112
178 312
178 344
178 515
178 648
178 728
178 745
178 748
178 758
178 797
178 1072
178 1111
179 273
179 280
179 464
179 481
179 620
179 827
179 895
179 940
179 1096
179 1211
180 221
180 480
180 490
180 567
180 688
180 724
180 787
180 846
180 860
180 866
181 256
181 398
181 443
181 701
181 917
181 924
181 938
181 1010
181 1065
181 1088
181 1187
182 202
182 345
182 392
182 535
182 619
182 640
182 799
182 837
182 1124
182 1166
183 301
183 327
183 425
183 595
183 742
183 952
183 1091
184 204
184 293
184 337
184 403
184 568
184 600
184 731
184 788
184 920
184 1017
184 1219
185 188
185 212
185 215
185 218
185 276
185 867
185 893
185 1069
185 1112
186 238
186 364
186 484
186 537
186 757
186 810
186 923
187 247
187 315
187 407
187 662
187 680
187 782
187 842
187 907
187 1095
187 1143
187 1203
188 212
188 215
188 218
188 276
188 867
188 893
188 1069
188 1112
189 286
189 559
189 617
189 659
189 678
189 1215
190 264
190 377
190 435
190 638
190 738
190 926
190 965
190 1164
190 1188
190 1240
191 243
191 285
191 509
191 516
191 686
191 694
191 743
191 995
191 1205
191 1226
192 290
192 296
192 372
192 528
192 622
192 777
192 1052
192 1158
192 1209
192 1236
193 258
193 322
193 379
193 440
193 527
193 682
193 751
193 778
193 855
193 918
193 941
194 314
194 386
194 430
194 460
194 495
194 543
194 570
194 626
194 916
194 972
195 341
195 384
195 468
195 581
195 631
195 642
195 889
195 909
195 1125
196 213
196 289
196 499
196 750
196 818
196 931
196 988
196 1042
196 1201
197 208
197 222
197 544
197 641
197 761
197 854
197 950
197 1028
197 1066
197 1071
197 1233
198 328
198 411
198 523
198 665
198 696
198 713
198 1070
198 1089
199 362
199 369
199 506
199 599
199 672
199 677
199 722
199 727
199 1107
199 1134
199 1176
200 350
200 442
200 447
200 533
200 613
200 637
200 654
200 663
200 692
200 869
200 977
201 250
201 260
201 317
201 521
201 578
201 602
201 604
201 614
201 707
201 973
201 974
201 1230
202 345
202 392
202 535
202 619
202 640
202 799
202 837
202 1124
202 1166
203 275
203 343
203 415
203 695
203 710
203 752
203 783
203 971
204 293
204 337
204 403
204 568
204 600
204 731
204 788
204 920
204 1017
204 1219
205 404
205 423
205 564
205 627
205 871
205 892
205 962
205 1020
205 1047
205 1114
205 1179
206 371
206 445
206 463
206 705
206 716
206 812
206 901
206 939
206 1231
207 389
207 434
207 470
207 586
207 612
207 755
207 775
207 1055
207 1117
207 1145
208 222
208 544
208 641
208 761
208 854
208 950
208 1028
208 1066
208 1071
208 1233
209 252
209 307
209 474
209 558
209 712
209 809
209 823
209 1038
209 1130
209 1214
210 269
210 330
210 510
210 700
210 719
210 813
210 877
210 948
210 1049
210 1175
211 579
211 629
211 646
211 691
211 718
211 872
211 955
211 1093
211 1100
211 1239
212 215
212 218
212 276
212 867
212 893
212 1069
212 1112
213 289
213 499
213 750
213 818
213 931
213 988
213 1042
213 1201
214 235
214 310
214 410
214 436
214 491
214 569
214 573
214 1032
214 1037
214 1156
215 218
215 276
215 867
215 893
215 1069
215 1112
216 241
216 253
216 323
216 492
216 498
216 531
216 690
216 848
216 999
216 1044
216 1110
216 1127
217 220
217 517
217 574
217 720
217 789
217 836
217 967
217 1094
217 1122
217 1225
218 276
218 867
218 893
218 1069
218 1112
219 309
219 385
219 459
219 693
219 792
219 795
219 932
219 1057
219 1080
220 517
220 574
220 720
220 789
220 836
220 967
220 1094
220 1122
220 1225
221 480
221 490
221 567
221 688
221 724
221 787
221 846
221 860
221 866
222 544
222 641
222 761
222 854
222 950
222 1028
222 1066
222 1071
222 1233
223 391
223 405
223 424
223 489
223 505
223 507
223 554
223 798
223 851
223 1181
224 308
224 496
224 542
224 565
224 597
224 900
224 992
224 1058
224 1128
224 1132
225 236
225 318
225 501
225 553
225 779
225 791
225 793
225 888
225 896
225 1004
225 1131
226 233
226 239
226 557
226 621
226 623
226 655
226 725
226 770
226 885
226 949
226 951
227 583
227 636
227 661
227 666
227 764
227 944
227 1136
227 1207
228 248
228 420
228 438
228 439
228 572
228 607
228 709
228 785
228 1019
228 1086
228 1193
229 230
229 267
229 360
229 500
229 601
229 624
229 790
229 912
229 1104
229 1113
229 1249
230 267
230 360
230 500
230 601
230 624
230 790
230 912
230 1104
230 1113
230 1249
231 340
231 455
231 904
231 925
231 960
231 975
231 1059
231 1073
232 292
232 324
232 774
232 1014
232 1030
232 1097
232 1108
232 1245
232 1247
233 239
233 557
233 621
233 623
233 655
233 725
233 770
233 885
233 949
233 951
234 365
234 394
234 396
234 408
234 817
234 884
234 1048
234 1090
234 1153
235 310
235 410
235 436
235 491
235 569
235 573
235 1032
235 1037
235 1156
236 318
236 501
236 553
236 779
236 791
236 793
236 888
236 896
236 1004
236 1131
237 306
237 401
237 726
237 807
237 862
237 1039
237 1043
237 1115
237 1157
238 364
238 484
238 537
238 757
238 810
238 923
239 557
239 621
239 623
239 655
239 725
239 770
239 885
239 949
239 951
240 329
240 363
240 639
240 749
240 765
240 811
240 890
240 966
240 1029
240 1033
241 253
241 323
241 492
241 498
241 531
241 690
241 848
241 999
241 1044
241 1110
241 1127
242 246
242 417
242 429
242 458
242 462
242 669
242 819
242 838
242 1067
242 1223
243 285
243 509
243 516
243 686
243 694
243 743
243 995
243 1205
243 1226
244 422
244 856
244 876
244 1074
244 1137
244 1159
245 272
245 538
245 551
245 685
245 737
245 843
245 875
245 933
245 987
245 1013
245 1085
245 1206
246 417
246 429
246 458
246 462
246 669
246 819
246 838
246 1067
246 1223
247 315
247 407
247 662
247 680
247 782
247 842
247 907
247 1095
247 1143
247 1203
248 420
248 438
248 439
248 572
248 607
248 709
248 785
248 1019
248 1086
248 1193
249 390
249 471
249 549
249 582
249 587
249 590
249 957
249 1138
249 1174
249 1186
250 260
250 317
250 521
250 578
250 602
250 604
250 614
250 707
250 973
250 974
250 1230
251 347
251 644
251 647
251 702
251 897
251 946
251 978
251 1152
251 1218
251 1224
252 307
252 474
252 558
252 712
252 809
252 823
252 1038
252 1130
252 1214
253 323
253 492
253 498
253 531
253 690
253 848
253 999
253 1044
253 1110
253 1127
254 395
254 450
254 651
254 762
254 816
254 853
254 956
254 991
254 1063
254 1076
254 1135
254 1168
255 562
255 588
255 652
255 673
255 732
255 796
255 903
255 929
255 1036
255 1082
255 1238
256 398
256 443
256 701
256 917
256 924
256 938
256 1010
256 1065
256 1088
256 1187
257 406
257 469
257 539
257 781
257 849
257 880
257 902
257 942
257 1204
258 322
258 379
258 440
258 527
258 682
258 751
258 778
258 855
258 918
258 941
259 338
259 409
259 525
259 576
259 735
259 930
259 1040
259 1092
259 1170
259 1241
260 317
260 521
260 578
260 602
260 604
260 614
260 707
260 973
260 974
260 1230
261 266
261 277
261 494
261 824
261 845
261 910
261 911
261 970
261 1185
262 529
262 656
262 772
262 841
262 881
262 997
262 1034
262 1144
262 1161
262 1213
263 291
263 697
263 943
263 969
263 981
263 994
263 1001
263 1050
263 1242
264 377
264 435
264 638
264 738
264 926
264 965
264 1164
264 1188
264 1240
265 397
265 402
265 457
265 741
265 986
265 1000
265 1208
266 277
266 494
266 824
266 845
266 910
266 911
266 970
266 1185
267 360
267 500
267 601
267 624
267 790
267 912
267 1104
267 1113
267 1249
268 305
268 339
268 399
268 714
268 794
268 906
268 1101
268 1244
269 330
269 510
269 700
269 719
269 813
269 877
269 948
269 1049
269 1175
270 283
270 342
270 373
270 630
270 684
270 815
270 936
270 1103
270 1162
270 1182
270 1210
271 382
271 418
271 426
271 524
271 618
271 747
271 780
271 913
271 1178
272 538
272 551
272 685
272 737
272 843
272 875
272 933
272 987
272 1013
272 1085
272 1206
273 280
273 464
273 481
273 620
273 827
273 895
273 940
273 1096
273 1211
274 279
274 336
274 355
274 504
274 681
274 733
274 803
274 985
274 1119
274 1146
275 343
275 415
275 695
275 710
275 752
275 783
275 971
276 867
276 893
276 1069
276 1112
277 494
277 824
277 845
277 910
277 911
277 970
277 1185
278 513
278 593
278 598
278 605
278 687
278 873
278 899
278 922
278 1220
279 336
279 355
279 504
279 681
279 733
279 803
279 985
279 1119
279 1146
280 464
280 481
280 620
280 827
280 895
280 940
280 1096
280 1211
281 311
281 359
281 493
281 512
281 594
281 616
281 645
281 786
281 861
281 984
281 1027
281 1062
282 287
282 299
282 313
282 432
282 453
282 488
282 522
282 776
282 852
282 883
282 1189
283 342
283 373
283 630
283 684
283 815
283 936
283 1103
283 1162
283 1182
283 1210
284 508
284 649
284 708
284 834
284 850
284 863
284 1012
284 1016
284 1056
284 1118
284 1140
284 1196
285 509
285 516
285 686
285 694
285 743
285 995
285 1205
285 1226
286 559
286 617
286 659
286 678
286 1215
287 299
287 313
287 432
287 453
287 488
287 522
287 776
287 852
287 883
287 1189
288 497
288 580
288 657
288 804
288 858
288 874
288 898
288 1149
289 499
289 750
289 818
289 931
289 988
289 1042
289 1201
290 296
290 372
290 528
290 622
290 777
290 1052
290 1158
290 1209
290 1236
291 697
291 943
291 969
291 981
291 994
291 1001
291 1050
291 1242
292 324
292 774
292 1014
292 1030
292 1097
292 1108
292 1245
292 1247
293 337
293 403
293 568
293 600
293 731
293 788
293 920
293 1017
293 1219
294 349
294 357
294 368
294 375
294 444
294 632
294 768
294 832
294 891
294 934
294 982
294 1184
295 303
295 367
295 414
295 571
295 753
295 760
295 976
295 1053
295 1202
296 372
296 528
296 622
296 777
296 1052
296 1158
296 1209
296 1236
297 319
297 333
297 518
297 541
297 703
297 914
297 937
297 1015
297 1139
297 1221
297 1234
298 320
298 419
298 530
298 676
298 806
298 865
298 958
298 1054
298 1154
299 313
299 432
299 453
299 488
299 522
299 776
299 852
299 883
299 1189
300 356
300 374
300 485
300 526
300 675
300 805
300 961
300 1045
300 1141
301 327
301 425
301 595
301 742
301 952
301 1091
302 431
302 547
302 596
302 625
302 729
302 769
302 870
302 927
302 1105
302 1200
302 1232
303 367
303 414
303 571
303 753
303 760
303 976
303 1053
303 1202
304 358
304 387
304 421
304 448
304 615
304 633
304 814
304 1002
304 1021
304 1183
305 339
305 399
305 714
305 794
305 906
305 1101
305 1244
306 401
306 726
306 807
306 862
306 1039
306 1043
306 1115
306 1157
307 474
307 558
307 712
307 809
307 823
307 1038
307 1130
307 1214
308 496
308 542
308 565
308 597
308 900
308 992
308 1058
308 1128
308 1132
309 385
309 459
309 693
309 792
309 795
309 932
309 1057
309 1080
310 410
310 436
310 491
310 569
310 573
310 1032
310 1037
310 1156
311 359
311 493
311 512
311 594
311 616
311 645
311 786
311 861
311 984
311 1027
311 1062
312 344
312 515
312 648
312 728
312 745
312 748
312 758
312 797
312 1072
312 1111
313 432
313 453
313 488
313 522
313 776
313 852
313 883
313 1189
314 386
314 430
314 460
314 495
314 543
314 570
314 626
314 916
314 972
315 407
315 662
315 680
315 782
315 842
315 907
315 1095
315 1143
315 1203
316 608
316 634
316 653
316 660
316 704
316 723
316 800
316 808
316 998
316 1011
316 1022
317 521
317 578
317 602
317 604
317 614
317 707
317 973
317 974
317 1230
318 501
318 553
318 779
318 791
318 793
318 888
318 896
318 1004
318 1131
319 333
319 518
319 541
319 703
319 914
319 937
319 1015
319 1139
319 1221
319 1234
320 419
320 530
320 676
320 806
320 865
320 958
320 1054
320 1154
321 366
321 378
321 699
321 864
321 882
321 953
321 1190
321 1217
321 1248
322 379
322 440
322 527
322 682
322 751
322 778
322 855
322 918
322 941
323 492
323 498
323 531
323 690
323 848
323 999
323 1044
323 1110
323 1127
324 774
324 1014
324 1030
324 1097
324 1108
324 1245
324 1247
325 376
325 461
325 475
325 483
325 928
325 993
325 1051
325 1109
325 1180
326 479
326 519
326 545
326 552
326 561
326 773
326 887
326 1003
326 1079
326 1106
327 425
327 595
327 742
327 952
327 1091
328 411
328 523
328 665
328 696
328 713
328 1070
328 1089
329 363
329 639
329 749
329 765
329 811
329 890
329 966
329 1029
329 1033
330 510
330 700
330 719
330 813
330 877
330 948
330 1049
330 1175
331 383
331 486
331 503
331 609
331 822
331 830
331 990
331 1165
332 381
332 441
332 664
332 689
332 767
332 829
332 996
332 1041
332 1061
332 1142
333 518
333 541
333 703
333 914
333 937
333 1015
333 1139
333 1221
333 1234
334 413
334 628
334 698
334 754
334 759
334 954
334 1083
334 1123
334 1173
334 1199
334 1229
335 348
335 466
335 482
335 635
335 706
335 756
335 844
335 857
335 905
335 1102
335 1194
336 355
336 504
336 681
336 733
336 803
336 985
336 1119
336 1146
337 403
337 568
337 600
337 731
337 788
337 920
337 1017
337 1219
338 409
338 525
338 576
338 735
338 930
338 1040
338 1092
338 1170
338 1241
339 399
339 714
339 794
339 906
339 1101
339 1244
340 455
340 904
340 925
340 960
340 975
340 1059
340 1073
341 384
341 468
341 581
341 631
341 642
341 889
341 909
341 1125
342 373
342 630
342 684
342 815
342 936
342 1103
342 1162
342 1182
342 1210
343 415
343 695
343 710
343 752
343 783
343 971
344 515
344 648
344 728
344 745
344 748
344 758
344 797
344 1072
344 1111
345 392
345 535
345 619
345 640
345 799
345 837
345 1124
345 1166
346 370
346 606
346 650
346 667
346 715
346 784
346 1024
346 1060
346 1235
346 1237
347 644
347 647
347 702
347 897
347 946
347 978
347 1152
347 1218
347 1224
348 466
348 482
348 635
348 706
348 756
348 844
348 857
348 905
348 1102
348 1194
349 357
349 368
349 375
349 444
349 632
349 768
349 832
349 891
349 934
349 982
349 1184
350 442
350 447
350 533
350 613
350 637
350 654
350 663
350 692
350 869
350 977
351 393
351 449
351 514
351 679
351 744
351 831
351 839
351 1077
351 1155
351 1212
352 446
352 452
352 476
352 592
352 721
352 766
352 1026
352 1031
352 1064
353 477
353 577
353 591
353 674
353 833
353 908
353 968
353 1025
353 1129
353 1147
354 428
354 584
354 821
354 826
354 1126
354 1227
354 1246
355 504
355 681
355 733
355 803
355 985
355 1119
355 1146
356 374
356 485
356 526
356 675
356 805
356 961
356 1045
356 1141
357 368
357 375
357 444
357 632
357 768
357 832
357 891
357 934
357 982
357 1184
358 387
358 421
358 448
358 615
358 633
358 814
358 1002
358 1021
358 1183
359 493
359 512
359 594
359 616
359 645
359 786
359 861
359 984
359 1027
359 1062
360 500
360 601
360 624
360 790
360 912
360 1104
360 1113
360 1249
361 412
361 478
361 487
361 548
361 945
361 1018
361 1068
362 369
362 506
362 599
362 672
362 677
362 722
362 727
362 1107
362 1134
362 1176
363 639
363 749
363 765
363 811
363 890
363 966
363 1029
363 1033
364 484
364 537
364 757
364 810
364 923
365 394
365 396
365 408
365 817
365 884
365 1048
365 1090
365 1153
366 378
366 699
366 864
366 882
366 953
366 1190
366 1217
366 1248
367 414
367 571
367 753
367 760
367 976
367 1053
367 1202
368 375
368 444
368 632
368 768
368 832
368 891
368 934
368 982
368 1184
369 506
369 599
369 672
369 677
369 722
369 727
369 1107
369 1134
369 1176
370 606
370 650
370 667
370 715
370 784
370 1024
370 1060
370 1235
370 1237
371 445
371 463
371 705
371 716
371 812
371 901
371 939
371 1231
372 528
372 622
372 777
372 1052
372 1158
372 1209
372 1236
373 630
373 684
373 815
373 936
373 1103
373 1162
373 1182
373 1210
374 485
374 526
374 675
374 805
374 961
374 1045
374 1141
375 444
375 632
375 768
375 832
375 891
375 934
375 982
375 1184
376 461
376 475
376 483
376 928
376 993
376 1051
376 1109
376 1180
377 435
377 638
377 738
377 926
377 965
377 1164
377 1188
377 1240
378 699
378 864
378 882
378 953
378 1190
378 1217
378 1248
379 440
379 527
379 682
379 751
379 778
379 855
379 918
379 941
380 433
380 534
380 536
380 603
380 671
380 739
380 1078
380 1087
380 1133
380 1151
380 1216
381 441
381 664
381 689
381 767
381 829
381 996
381 1041
381 1061
381 1142
382 418
382 426
382 524
382 618
382 747
382 780
382 913
382 1178
383 486
383 503
383 609
383 822
383 830
383 990
383 1165
384 468
384 581
384 631
384 642
384 889
384 909
384 1125
385 459
385 693
385 792
385 795
385 932
385 1057
385 1080
386 430
386 460
386 495
386 543
386 570
386 626
386 916
386 972
387 421
387 448
387 615
387 633
387 814
387 1002
387 1021
387 1183
388 546
388 550
388 746
388 847
388 859
388 1121
388 1192
389 434
389 470
389 586
389 612
389 755
389 775
389 1055
389 1117
389 1145
390 471
390 549
390 582
390 587
390 590
390 957
390 1138
390 1174
390 1186
391 405
391 424
391 489
391 505
391 507
391 554
391 798
391 851
391 1181
392 535
392 619
392 640
392 799
392 837
392 1124
392 1166
393 449
393 514
393 679
393 744
393 831
393 839
393 1077
393 1155
393 1212
394 396
394 408
394 817
394 884
394 1048
394 1090
394 1153
395 450
395 651
395 762
395 816
395 853
395 956
395 991
395 1063
395 1076
395 1135
395 1168
396 408
396 817
396 884
396 1048
396 1090
396 1153
397 402
397 457
397 741
397 986
397 1000
397 1208
398 443
398 701
398 917
398 924
398 938
398 1010
398 1065
398 1088
398 1187
399 714
399 794
399 906
399 1101
399 1244
400 416
400 585
400 610
400 802
400 921
400 1005
400 1008
400 1084
400 1148
400 1171
400 1177
401 726
401 807
401 862
401 1039
401 1043
401 1115
401 1157
402 457
402 741
402 986
402 1000
402 1208
403 568
403 600
403 731
403 788
403 920
403 1017
403 1219
404 423
404 564
404 627
404 871
404 892
404 962
404 1020
404 1047
404 1114
404 1179
405 424
405 489
405 505
405 507
405 554
405 798
405 851
405 1181
406 469
406 539
406 781
406 849
406 880
406 902
406 942
406 1204
407 662
407 680
407 782
407 842
407 907
407 1095
407 1143
407 1203
408 817
408 884
408 1048
408 1090
408 1153
409 525
409 576
409 735
409 930
409 1040
409 1092
409 1170
409 1241
410 436
410 491
410 569
410 573
410 1032
410 1037
410 1156
411 523
411 665
411 696
411 713
411 1070
411 1089
412 478
412 487
412 548
412 945
412 1018
412 1068
413 628
413 698
413 754
413 759
413 954
413 1083
413 1123
413 1173
413 1199
413 1229
414 571
414 753
414 760
414 976
414 1053
414 1202
415 695
415 710
415 752
415 783
415 971
416 585
416 610
416 802
416 921
416 1005
416 1008
416 1084
416 1148
416 1171
416 1177
417 429
417 458
417 462
417 669
417 819
417 838
417 1067
417 1223
418 426
418 524
418 618
418 747
418 780
418 913
418 1178
419 530
419 676
419 806
419 865
419 958
419 1054
419 1154
420 438
420 439
420 572
420 607
420 709
420 785
420 1019
420 1086
420 1193
421 448
421 615
421 633
421 814
421 1002
421 1021
421 1183
422 856
422 876
422 1074
422 1137
422 1159
423 564
423 627
423 871
423 892
423 962
423 1020
423 1047
423 1114
423 1179
424 489
424 505
424 507
424 554
424 798
424 851
424 1181
425 595
425 742
425 952
425 1091
426 524
426 618
426 747
426 780
426 913
426 1178
427 502
427 668
427 740
427 825
427 868
427 1081
427 1116
427 1172
428 584
428 821
428 826
428 1126
428 1227
428 1246
429 458
429 462
429 669
429 819
429 838
429 1067
429 1223
430 460
430 495
430 543
430 570
430 626
430 916
430 972
431 547
431 596
431 625
431 729
431 769
431 870
431 927
431 1105
431 1200
431 1232
432 453
432 488
432 522
432 776
432 852
432 883
432 1189
433 534
433 536
433 603
433 671
433 739
433 1078
433 1087
433 1133
433 1151
433 1216
434 470
434 586
434 612
434 755
434 775
434 1055
434 1117
434 1145
435 638
435 738
435 926
435 965
435 1164
435 1188
435 1240
436 491
436 569
436 573
436 1032
436 1037
436 1156
437 472
437 473
437 540
437 556
437 566
437 658
437 820
437 980
437 1046
438 439
438 572
438 607
438 709
438 785
438 1019
438 1086
438 1193
439 572
439 607
439 709
439 785
439 1019
439 1086
439 1193
440 527
440 682
440 751
440 778
440 855
440 918
440 941
441 664
441 689
441 767
441 829
441 996
441 1041
441 1061
441 1142
442 447
442 533
442 613
442 637
442 654
442 663
442 692
442 869
442 977
443 701
443 917
443 924
443 938
443 1010
443 1065
443 1088
443 1187
444 632
444 768
444 832
444 891
444 934
444 982
444 1184
445 463
445 705
445 716
445 812
445 901
445 939
445 1231
446 452
446 476
446 592
446 721
446 766
446 1026
446 1031
446 1064
447 533
447 613
447 637
447 654
447 663
447 692
447 869
447 977
448 615
448 633
448 814
448 1002
448 1021
448 1183
449 514
449 679
449 744
449 831
449 839
449 1077
449 1155
449 1212
450 651
450 762
450 816
450 853
450 956
450 991
450 1063
450 1076
450 1135
450 1168
451 575
451 717
451 840
451 935
451 947
451 979
451 1120
451 1197
452 476
452 592
452 721
452 766
452 1026
452 1031
452 1064
453 488
453 522
453 776
453 852
453 883
453 1189
454 467
454 532
454 611
454 835
454 1009
454 1023
454 1035
454 1075
454 1099
454 1167
455 904
455 925
455 960
455 975
455 1059
455 1073
456 465
456 511
456 563
456 643
456 683
456 736
456 763
456 886
456 989
456 1150
457 741
457 986
457 1000
457 1208
458 462
458 669
458 819
458 838
458 1067
458 1223
459 693
459 792
459 795
459 932
459 1057
459 1080
460 495
460 543
460 570
460 626
460 916
460 972
461 475
461 483
461 928
461 993
461 1051
461 1109
461 1180
462 669
462 819
462 838
462 1067
462 1223
463 705
463 716
463 812
463 901
463 939
463 1231
464 481
464 620
464 827
464 895
464 940
464 1096
464 1211
465 511
465 563
465 643
465 683
465 736
465 763
465 886
465 989
465 1150
466 482
466 635
466 706
466 756
466 844
466 857
466 905
466 1102
466 1194
467 532
467 611
467 835
467 1009
467 1023
467 1035
467 1075
467 1099
467 1167
468 581
468 631
468 642
468 889
468 909
468 1125
469 539
469 781
469 849
469 880
469 902
469 942
469 1204
470 586
470 612
470 755
470 775
470 1055
470 1117
470 1145
471 549
471 582
471 587
471 590
471 957
471 1138
471 1174
471 1186
472 473
472 540
472 556
472 566
472 658
472 820
472 980
472 1046
473 540
473 556
473 566
473 658
473 820
473 980
473 1046
474 558
474 712
474 809
474 823
474 1038
474 1130
474 1214
475 483
475 928
475 993
475 1051
475 1109
475 1180
476 592
476 721
476 766
476 1026
476 1031
476 1064
477 577
477 591
477 674
477 833
477 908
477 968
477 1025
477 1129
477 1147
478 487
478 548
478 945
478 1018
478 1068
479 519
479 545
479 552
479 561
479 773
479 887
479 1003
479 1079
479 1106
480 490
480 567
480 688
480 724
480 787
480 846
480 860
480 866
481 620
481 827
481 895
481 940
481 1096
481 1211
482 635
482 706
482 756
482 844
482 857
482 905
482 1102
482 1194
483 928
483 993
483 1051
483 1109
483 1180
484 537
484 757
484 810
484 923
485 526
485 675
485 805
485 961
485 1045
485 1141
486 503
486 609
486 822
486 830
486 990
486 1165
487 548
487 945
487 1018
487 1068
488 522
488 776
488 852
488 883
488 1189
489 505
489 507
489 554
489 798
489 851
489 1181
490 567
490 688
490 724
490 787
490 846
490 860
490 866
491 569
491 573
491 1032
491 1037
491 1156
492 498
492 531
492 690
492 848
492 999
492 1044
492 1110
492 1127
493 512
493 594
493 616
493 645
493 786
493 861
493 984
493 1027
493 1062
494 824
494 845
494 910
494 911
494 970
494 1185
495 543
495 570
495 626
495 916
495 972
496 542
496 565
496 597
496 900
496 992
496 1058
496 1128
496 1132
497 580
497 657
497 804
497 858
497 874
497 898
497 1149
498 531
498 690
498 848
498 999
498 1044
498 1110
498 1127
499 750
499 818
499 931
499 988
499 1042
499 1201
500 601
500 624
500 790
500 912
500 1104
500 1113
500 1249
501 553
501 779
501 791
501 793
501 888
501 896
501 1004
501 1131
502 668
502 740
502 825
502 868
502 1081
502 1116
502 1172
503 609
503 822
503 830
503 990
503 1165
504 681
504 733
504 803
504 985
504 1119
504 1146
505 507
505 554
505 798
505 851
505 1181
506 599
506 672
506 677
506 722
506 727
506 1107
506 1134
506 1176
507 554
507 798
507 851
507 1181
508 649
508 708
508 834
508 850
508 863
508 1012
508 1016
508 1056
508 1118
508 1140
508 1196
509 516
509 686
509 694
509 743
509 995
509 1205
509 1226
510 700
510 719
510 813
510 877
510 948
510 1049
510 1175
511 563
511 643
511 683
511 736
511 763
511 886
511 989
511 1150
512 594
512 616
512 645
512 786
512 861
512 984
512 1027
512 1062
513 593
513 598
513 605
513 687
513 873
513 899
513 922
513 1220
514 679
514 744
514 831
514 839
514 1077
514 1155
514 1212
515 648
515 728
515 745
515 748
515 758
515 797
515 1072
515 1111
516 686
516 694
516 743
516 995
516 1205
516 1226
517 574
517 720
517 789
517 836
517 967
517 1094
517 1122
517 1225
518 541
518 703
518 914
518 937
518 1015
518 1139
518 1221
518 1234
519 545
519 552
519 561
519 773
519 887
519 1003
519 1079
519 1106
520 555
520 560
520 589
520 711
520 730
520 771
520 879
520 959
520 963
520 1006
521 578
521 602
521 604
521 614
521 707
521 973
521 974
521 1230
522 776
522 852
522 883
522 1189
523 665
523 696
523 713
523 1070
523 1089
524 618
524 747
524 780
524 913
524 1178
525 576
525 735
525 930
525 1040
525 1092
525 1170
525 1241
526 675
526 805
526 961
526 1045
526 1141
527 682
527 751
527 778
527 855
527 918
527 941
528 622
528 777
528 1052
528 1158
528 1209
528 1236
529 656
529 772
529 841
529 881
529 997
529 1034
529 1144
529 1161
529 1213
530 676
530 806
530 865
530 958
530 1054
530 1154
531 690
531 848
531 999
531 1044
531 1110
531 1127
532 611
532 835
532 1009
532 1023
532 1035
532 1075
532 1099
532 1167
533 613
533 637
533 654
533 663
533 692
533 869
533 977
534 536
534 603
534 671
534 739
534 1078
534 1087
534 1133
534 1151
534 1216
535 619
535 640
535 799
535 837
535 1124
535 1166
536 603
536 671
536 739
536 1078
536 1087
536 1133
536 1151
536 1216
537 757
537 810
537 923
538 551
538 685
538 737
538 843
538 875
538 933
538 987
538 1013
538 1085
538 1206
539 781
539 849
539 880
539 902
539 942
539 1204
540 556
540 566
540 658
540 820
540 980
540 1046
541 703
541 914
541 937
541 1015
541 1139
541 1221
541 1234
542 565
542 597
542 900
542 992
542 1058
542 1128
542 1132
543 570
543 626
543 916
543 972
544 641
544 761
544 854
544 950
544 1028
544 1066
544 1071
544 1233
545 552
545 561
545 773
545 887
545 1003
545 1079
545 1106
546 550
546 746
546 847
546 859
546 1121
546 1192
547 596
547 625
547 729
547 769
547 870
547 927
547 1105
547 1200
547 1232
548 945
548 1018
548 1068
549 582
549 587
549 590
549 957
549 1138
549 1174
549 1186
550 746
550 847
550 859
550 1121
550 1192
551 685
551 737
551 843
551 875
551 933
551 987
551 1013
551 1085
551 1206
552 561
552 773
552 887
552 1003
552 1079
552 1106
553 779
553 791
553 793
553 888
553 896
553 1004
553 1131
554 798
554 851
554 1181
555 560
555 589
555 711
555 730
555 771
555 879
555 959
555 963
555 1006
556 566
556 658
556 820
556 980
556 1046
557 621
557 623
557 655
557 725
557 770
557 885
557 949
557 951
558 712
558 809
558 823
558 1038
558 1130
558 1214
559 617
559 659
559 678
559 1215
560 589
560 711
560 730
560 771
560 879
560 959
560 963
560 1006
561 773
561 887
561 1003
561 1079
561 1106
562 588
562 652
562 673
562 732
562 796
562 903
562 929
562 1036
562 1082
562 1238
563 643
563 683
563 736
563 763
563 886
563 989
563 1150
564 627
564 871
564 892
564 962
564 1020
564 1047
564 1114
564 1179
565 597
565 900
565 992
565 1058
565 1128
565 1132
566 658
566 820
566 980
566 1046
567 688
567 724
567 787
567 846
567 860
567 866
568 600
568 731
568 788
568 920
568 1017
568 1219
569 573
569 1032
569 1037
569 1156
570 626
570 916
570 972
571 753
571 760
571 976
571 1053
571 1202
572 607
572 709
572 785
572 1019
572 1086
572 1193
573 1032
573 1037
573 1156
574 720
574 789
574 836
574 967
574 1094
574 1122
574 1225
575 717
575 840
575 935
575 947
575 979
575 1120
575 1197
576 735
576 930
576 1040
576 1092
576 1170
576 1241
577 591
577 674
577 833
577 908
577 968
577 1025
577 1129
577 1147
578 602
578 604
578 614
578 707
578 973
578 974
578 1230
579 629
579 646
579 691
579 718
579 872
579 955
579 1093
579 1100
579 1239
580 657
580 804
580 858
580 874
580 898
580 1149
581 631
581 642
581 889
581 909
581 1125
582 587
582 590
582 957
582 1138
582 1174
582 1186
583 636
583 661
583 666
583 764
583 944
583 1136
583 1207
584 821
584 826
584 1126
584 1227
584 1246
585 610
585 802
585 921
585 1005
585 1008
585 1084
585 1148
585 1171
585 1177
586 612
586 755
586 775
586 1055
586 1117
586 1145
587 590
587 957
587 1138
587 1174
587 1186
588 652
588 673
588 732
588 796
588 903
588 929
588 1036
588 1082
588 1238
589 711
589 730
589 771
589 879
589 959
589 963
589 1006
590 957
590 1138
590 1174
590 1186
591 674
591 833
591 908
591 968
591 1025
591 1129
591 1147
592 721
592 766
592 1026
592 1031
592 1064
593 598
593 605
593 687
593 873
593 899
593 922
593 1220
594 616
594 645
594 786
594 861
594 984
594 1027
594 1062
595 742
595 952
595 1091
596 625
596 729
596 769
596 870
596 927
596 1105
596 1200
596 1232
597 900
597 992
597 1058
597 1128
597 1132
598 605
598 687
598 873
598 899
598 922
598 1220
599 672
599 677
599 722
599 727
599 1107
599 1134
599 1176
600 731
600 788
600 920
600 1017
600 1219
601 624
601 790
601 912
601 1104
601 1113
601 1249
602 604
602 614
602 707
602 973
602 974
602 1230
603 671
603 739
603 1078
603 1087
603 1133
603 1151
603 1216
604 614
604 707
604 973
604 974
604 1230
605 687
605 873
605 899
605 922
605 1220
606 650
606 667
606 715
606 784
606 1024
606 1060
606 1235
606 1237
607 709
607 785
607 1019
607 1086
607 1193
608 634
608 653
608 660
608 704
608 723
608 800
608 808
608 998
608 1011
608 1022
609 822
609 830
609 990
609 1165
610 802
610 921
610 1005
610 1008
610 1084
610 1148
610 1171
610 1177
611 835
611 1009
611 1023
611 1035
611 1075
611 1099
611 1167
612 755
612 775
612 1055
612 1117
612 1145
613 637
613 654
613 663
613 692
613 869
613 977
614 707
614 973
614 974
614 1230
615 633
615 814
615 1002
615 1021
615 1183
616 645
616 786
616 861
616 984
616 1027
616 1062
617 659
617 678
617 1215
618 747
618 780
618 913
618 1178
619 640
619 799
619 837
619 1124
619 1166
620 827
620 895
620 940
620 1096
620 1211
621 623
621 655
621 725
621 770
621 885
621 949
621 951
622 777
622 1052
622 1158
622 1209
622 1236
623 655
623 725
623 770
623 885
623 949
623 951
624 790
624 912
624 1104
624 1113
624 1249
625 729
625 769
625 870
625 927
625 1105
625 1200
625 1232
626 916
626 972
627 871
627 892
627 962
627 1020
627 1047
627 1114
627 1179
628 698
628 754
628 759
628 954
628 1083
628 1123
628 1173
628 1199
628 1229
629 646
629 691
629 718
629 872
629 955
629 1093
629 1100
629 1239
630 684
630 815
630 936
630 1103
630 1162
630 1182
630 1210
631 642
631 889
631 909
631 1125
632 768
632 832
632 891
632 934
632 982
632 1184
633 814
633 1002
633 1021
633 1183
634 653
634 660
634 704
634 723
634 800
634 808
634 998
634 1011
634 1022
635 706
635 756
635 844
635 857
635 905
635 1102
635 1194
636 661
636 666
636 764
636 944
636 1136
636 1207
637 654
637 663
637 692
637 869
637 977
638 738
638 926
638 965
638 1164
638 1188
638 1240
639 749
639 765
639 811
639 890
639 966
639 1029
639 1033
640 799
640 837
640 1124
640 1166
641 761
641 854
641 950
641 1028
641 1066
641 1071
641 1233
642 889
642 909
642 1125
643 683
643 736
643 763
643 886
643 989
643 1150
644 647
644 702
644 897
644 946
644 978
644 1152
644 1218
644 1224
645 786
645 861
645 984
645 1027
645 1062
646 691
646 718
646 872
646 955
646 1093
646 1100
646 1239
647 702
647 897
647 946
647 978
647 1152
647 1218
647 1224
648 728
648 745
648 748
648 758
648 797
648 1072
648 1111
649 708
649 834
649 850
649 863
649 1012
649 1016
649 1056
649 1118
649 1140
649 1196
650 667
650 715
650 784
650 1024
650 1060
650 1235
650 1237
651 762
651 816
651 853
651 956
651 991
651 1063
651 1076
651 1135
651 1168
652 673
652 732
652 796
652 903
652 929
652 1036
652 1082
652 1238
653 660
653 704
653 723
653 800
653 808
653 998
653 1011
653 1022
654 663
654 692
654 869
654 977
655 725
655 770
655 885
655 949
655 951
656 772
656 841
656 881
656 997
656 1034
656 1144
656 1161
656 1213
657 804
657 858
657 874
657 898
657 1149
658 820
658 980
658 1046
659 678
659 1215
660 704
660 723
660 800
660 808
660 998
660 1011
660 1022
661 666
661 764
661 944
661 1136
661 1207
662 680
662 782
662 842
662 907
662 1095
662 1143
662 1203
663 692
663 869
663 977
664 689
664 767
664 829
664 996
664 1041
664 1061
664 1142
665 696
665 713
665 1070
665 1089
666 764
666 944
666 1136
666 1207
667 715
667 784
667 1024
667 1060
667 1235
667 1237
668 740
668 825
668 868
668 1081
668 1116
668 1172
669 819
669 838
669 1067
669 1223
670 801
670 919
670 983
670 1007
670 1098
670 1163
670 1169
670 1198
670 1222
670 1228
670 1243
671 739
671 1078
671 1087
671 1133
671 1151
671 1216
672 677
672 722
672 727
672 1107
672 1134
672 1176
673 732
673 796
673 903
673 929
673 1036
673 1082
673 1238
674 833
674 908
674 968
674 1025
674 1129
674 1147
675 805
675 961
675 1045
675 1141
676 806
676 865
676 958
676 1054
676 1154
677 722
677 727
677 1107
677 1134
677 1176
678 1215
679 744
679 831
679 839
679 1077
679 1155
679 1212
680 782
680 842
680 907
680 1095
680 1143
680 1203
681 733
681 803
681 985
681 1119
681 1146
682 751
682 778
682 855
682 918
682 941
683 736
683 763
683 886
683 989
683 1150
684 815
684 936
684 1103
684 1162
684 1182
684 1210
685 737
685 843
685 875
685 933
685 987
685 1013
685 1085
685 1206
686 694
686 743
686 995
686 1205
686 1226
687 873
687 899
687 922
687 1220
688 724
688 787
688 846
688 860
688 866
689 767
689 829
689 996
689 1041
689 1061
689 1142
690 848
690 999
690 1044
690 1110
690 1127
691 718
691 872
691 955
691 1093
691 1100
691 1239
692 869
692 977
693 792
693 795
693 932
693 1057
693 1080
694 743
694 995
694 1205
694 1226
695 710
695 752
695 783
695 971
696 713
696 1070
696 1089
697 943
697 969
697 981
697 994
697 1001
697 1050
697 1242
698 754
698 759
698 954
698 1083
698 1123
698 1173
698 1199
698 1229
699 864
699 882
699 953
699 1190
699 1217
699 1248
700 719
700 813
700 877
700 948
700 1049
700 1175
701 917
701 924
701 938
701 1010
701 1065
701 1088
701 1187
702 897
702 946
702 978
702 1152
702 1218
702 1224
703 914
703 937
703 1015
703 1139
703 1221
703 1234
704 723
704 800
704 808
704 998
704 1011
704 1022
705 716
705 812
705 901
705 939
705 1231
706 756
706 844
706 857
706 905
706 1102
706 1194
707 973
707 974
707 1230
708 834
708 850
708 863
708 1012
708 1016
708 1056
708 1118
708 1140
708 1196
709 785
709 1019
709 1086
709 1193
710 752
710 783
710 971
711 730
711 771
711 879
711 959
711 963
711 1006
712 809
712 823
712 1038
712 1130
712 1214
713 1070
713 1089
714 794
714 906
714 1101
714 1244
715 784
715 1024
715 1060
715 1235
715 1237
716 812
716 901
716 939
716 1231
717 840
717 935
717 947
717 979
717 1120
717 1197
718 872
718 955
718 1093
718 1100
718 1239
719 813
719 877
719 948
719 1049
719 1175
720 789
720 836
720 967
720 1094
720 1122
720 1225
721 766
721 1026
721 1031
721 1064
722 727
722 1107
722 1134
722 1176
723 800
723 808
723 998
723 1011
723 1022
724 787
724 846
724 860
724 866
725 770
725 885
725 949
725 951
726 807
726 862
726 1039
726 1043
726 1115
726 1157
727 1107
727 1134
727 1176
728 745
728 748
728 758
728 797
728 1072
728 1111
729 769
729 870
729 927
729 1105
729 1200
729 1232
730 771
730 879
730 959
730 963
730 1006
731 788
731 920
731 1017
731 1219
732 796
732 903
732 929
732 1036
732 1082
732 1238
733 803
733 985
733 1119
733 1146
734 828
734 878
734 894
734 915
734 964
734 1160
734 1191
734 1195
735 930
735 1040
735 1092
735 1170
735 1241
736 763
736 886
736 989
736 1150
737 843
737 875
737 933
737 987
737 1013
737 1085
737 1206
738 926
738 965
738 1164
738 1188
738 1240
739 1078
739 1087
739 1133
739 1151
739 1216
740 825
740 868
740 1081
740 1116
740 1172
741 986
741 1000
741 1208
742 952
742 1091
743 995
743 1205
743 1226
744 831
744 839
744 1077
744 1155
744 1212
745 748
745 758
745 797
745 1072
745 1111
746 847
746 859
746 1121
746 1192
747 780
747 913
747 1178
748 758
748 797
748 1072
748 1111
749 765
749 811
749 890
749 966
749 1029
749 1033
750 818
750 931
750 988
750 1042
750 1201
751 778
751 855
751 918
751 941
752 783
752 971
753 760
753 976
753 1053
753 1202
754 759
754 954
754 1083
754 1123
754 1173
754 1199
754 1229
755 775
755 1055
755 1117
755 1145
756 844
756 857
756 905
756 1102
756 1194
757 810
757 923
758 797
758 1072
758 1111
759 954
759 1083
759 1123
759 1173
759 1199
759 1229
760 976
760 1053
760 1202
761 854
761 950
761 1028
761 1066
761 1071
761 1233
762 816
762 853
762 956
762 991
762 1063
762 1076
762 1135
762 1168
763 886
763 989
763 1150
764 944
764 1136
764 1207
765 811
765 890
765 966
765 1029
765 1033
766 1026
766 1031
766 1064
767 829
767 996
767 1041
767 1061
767 1142
768 832
768 891
768 934
768 982
768 1184
769 870
769 927
769 1105
769 1200
769 1232
770 885
770 949
770 951
771 879
771 959
771 963
771 1006
772 841
772 881
772 997
772 1034
772 1144
772 1161
772 1213
773 887
773 1003
773 1079
773 1106
774 1014
774 1030
774 1097
774 1108
774 1245
774 1247
775 1055
775 1117
775 1145
776 852
776 883
776 1189
777 1052
777 1158
777 1209
777 1236
778 855
778 918
778 941
779 791
779 793
779 888
779 896
779 1004
779 1131
780 913
780 1178
781 849
781 880
781 902
781 942
781 1204
782 842
782 907
782 1095
782 1143
782 1203
783 971
784 1024
784 1060
784 1235
784 1237
785 1019
785 1086
785 1193
786 861
786 984
786 1027
786 1062
787 846
787 860
787 866
788 920
788 1017
788 1219
789 836
789 967
789 1094
789 1122
789 1225
790 912
790 1104
790 1113
790 1249
791 793
791 888
791 896
791 1004
791 1131
792 795
792 932
792 1057
792 1080
793 888
793 896
793 1004
793 1131
794 906
794 1101
794 1244
795 932
795 1057
795 1080
796 903
796 929
796 1036
796 1082
796 1238
797 1072
797 1111
798 851
798 1181
799 837
799 1124
799 1166
800 808
800 998
800 1011
800 1022
801 919
801 983
801 1007
801 1098
801 1163
801 1169
801 1198
801 1222
801 1228
801 1243
802 921
802 1005
802 1008
802 1084
802 1148
802 1171
802 1177
803 985
803 1119
803 1146
804 858
804 874
804 898
804 1149
805 961
805 1045
805 1141
806 865
806 958
806 1054
806 1154
807 862
807 1039
807 1043
807 1115
807 1157
808 998
808 1011
808 1022
809 823
809 1038
809 1130
809 1214
810 923
811 890
811 966
811 1029
811 1033
812 901
812 939
812 1231
813 877
813 948
813 1049
813 1175
814 1002
814 1021
814 1183
815 936
815 1103
815 1162
815 1182
815 1210
816 853
816 956
816 991
816 1063
816 1076
816 1135
816 1168
817 884
817 1048
817 1090
817 1153
818 931
818 988
818 1042
818 1201
819 838
819 1067
819 1223
820 980
820 1046
821 826
821 1126
821 1227
821 1246
822 830
822 990
822 1165
823 1038
823 1130
823 1214
824 845
824 910
824 911
824 970
824 1185
825 868
825 1081
825 1116
825 1172
826 1126
826 1227
826 1246
827 895
827 940
827 1096
827 1211
828 878
828 894
828 915
828 964
828 1160
828 1191
828 1195
829 996
829 1041
829 1061
829 1142
830 990
830 1165
831 839
831 1077
831 1155
831 1212
832 891
832 934
832 982
832 1184
833 908
833 968
833 1025
833 1129
833 1147
834 850
834 863
834 1012
834 1016
834 1056
834 1118
834 1140
834 1196
835 1009
835 1023
835 1035
835 1075
835 1099
835 1167
836 967
836 1094
836 1122
836 1225
837 1124
837 1166
838 1067
838 1223
839 1077
839 1155
839 1212
840 935
840 947
840 979
840 1120
840 1197
841 881
841 997
841 1034
841 1144
841 1161
841 1213
842 907
842 1095
842 1143
842 1203
843 875
843 933
843 987
843 1013
843 1085
843 1206
844 857
844 905
844 1102
844 1194
845 910
845 911
845 970
845 1185
846 860
846 866
847 859
847 1121
847 1192
848 999
848 1044
848 1110
848 1127
849 880
849 902
849 942
849 1204
850 863
850 1012
850 1016
850 1056
850 1118
850 1140
850 1196
851 1181
852 883
852 1189
853 956
853 991
853 1063
853 1076
853 1135
853 1168
854 950
854 1028
854 1066
854 1071
854 1233
855 918
855 941
856 876
856 1074
856 1137
856 1159
857 905
857 1102
857 1194
858 874
858 898
858 1149
859 1121
859 1192
860 866
861 984
861 1027
861 1062
862 1039
862 1043
862 1115
862 1157
863 1012
863 1016
863 1056
863 1118
863 1140
863 1196
864 882
864 953
864 1190
864 1217
864 1248
865 958
865 1054
865 1154
867 893
867 1069
867 1112
868 1081
868 1116
868 1172
869 977
870 927
870 1105
870 1200
870 1232
871 892
871 962
871 1020
871 1047
871 1114
871 1179
872 955
872 1093
872 1100
872 1239
873 899
873 922
873 1220
874 898
874 1149
875 933
875 987
875 1013
875 1085
875 1206
876 1074
876 1137
876 1159
877 948
877 1049
877 1175
878 894
878 915
878 964
878 1160
878 1191
878 1195
879 959
879 963
879 1006
880 902
880 942
880 1204
881 997
881 1034
881 1144
881 1161
881 1213
882 953
882 1190
882 1217
882 1248
883 1189
884 1048
884 1090
884 1153
885 949
885 951
886 989
886 1150
887 1003
887 1079
887 1106
888 896
888 1004
888 1131
889 909
889 1125
890 966
890 1029
890 1033
891 934
891 982
891 1184
892 962
892 1020
892 1047
892 1114
892 1179
893 1069
893 1112
894 915
894 964
894 1160
894 1191
894 1195
895 940
895 1096
895 1211
896 1004
896 1131
897 946
897 978
897 1152
897 1218
897 1224
898 1149
899 922
899 1220
900 992
900 1058
900 1128
900 1132
901 939
901 1231
902 942
902 1204
903 929
903 1036
903 1082
903 1238
904 925
904 960
904 975
904 1059
904 1073
905 1102
905 1194
906 1101
906 1244
907 1095
907 1143
907 1203
908 968
908 1025
908 1129
908 1147
909 1125
910 911
910 970
910 1185
911 970
911 1185
912 1104
912 1113
912 1249
913 1178
914 937
914 1015
914 1139
914 1221
914 1234
915 964
915 1160
915 1191
915 1195
916 972
917 924
917 938
917 1010
917 1065
917 1088
917 1187
918 941
919 983
919 1007
919 1098
919 1163
919 1169
919 1198
919 1222
919 1228
919 1243
920 1017
920 1219
921 1005
921 1008
921 1084
921 1148
921 1171
921 1177
922 1220
924 938
924 1010
924 1065
924 1088
924 1187
925 960
925 975
925 1059
925 1073
926 965
926 1164
926 1188
926 1240
927 1105
927 1200
927 1232
928 993
928 1051
928 1109
928 1180
929 1036
929 1082
929 1238
930 1040
930 1092
930 1170
930 1241
931 988
931 1042
931 1201
932 1057
932 1080
933 987
933 1013
933 1085
933 1206
934 982
934 1184
935 947
935 979
935 1120
935 1197
936 1103
936 1162
936 1182
936 1210
937 1015
937 1139
937 1221
937 1234
938 1010
938 1065
938 1088
938 1187
939 1231
940 1096
940 1211
942 1204
943 969
943 981
943 994
943 1001
943 1050
943 1242
944 1136
944 1207
945 1018
945 1068
946 978
946 1152
946 1218
946 1224
947 979
947 1120
947 1197
948 1049
948 1175
949 951
950 1028
950 1066
950 1071
950 1233
952 1091
953 1190
953 1217
953 1248
954 1083
954 1123
954 1173
954 1199
954 1229
955 1093
955 1100
955 1239
956 991
956 1063
956 1076
956 1135
956 1168
957 1138
957 1174
957 1186
958 1054
958 1154
959 963
959 1006
960 975
960 1059
960 1073
961 1045
961 1141
962 1020
962 1047
962 1114
962 1179
963 1006
964 1160
964 1191
964 1195
965 1164
965 1188
965 1240
966 1029
966 1033
967 1094
967 1122
967 1225
968 1025
968 1129
968 1147
969 981
969 994
969 1001
969 1050
969 1242
970 1185
973 974
973 1230
974 1230
975 1059
975 1073
976 1053
976 1202
978 1152
978 1218
978 1224
979 1120
979 1197
980 1046
981 994
981 1001
981 1050
981 1242
982 1184
983 1007
983 1098
983 1163
983 1169
983 1198
983 1222
983 1228
983 1243
984 1027
984 1062
985 1119
985 1146
986 1000
986 1208
987 1013
987 1085
987 1206
988 1042
988 1201
989 1150
990 1165
991 1063
991 1076
991 1135
991 1168
992 1058
992 1128
992 1132
993 1051
993 1109
993 1180
994 1001
994 1050
994 1242
995 1205
995 1226
996 1041
996 1061
996 1142
997 1034
997 1144
997 1161
997 1213
998 1011
998 1022
999 1044
999 1110
999 1127
1000 1208
1001 1050
1001 1242
1002 1021
1002 1183
1003 1079
1003 1106
1004 1131
1005 1008
1005 1084
1005 1148
1005 1171
1005 1177
1007 1098
1007 1163
1007 1169
1007 1198
1007 1222
1007 1228
1007 1243
1008 1084
1008 1148
1008 1171
1008 1177
1009 1023
1009 1035
1009 1075
1009 1099
1009 1167
1010 1065
1010 1088
1010 1187
1011 1022
1012 1016
1012 1056
1012 1118
1012 1140
1012 1196
1013 1085
1013 1206
1014 1030
1014 1097
1014 1108
1014 1245
1014 1247
1015 1139
1015 1221
1015 1234
1016 1056
1016 1118
1016 1140
1016 1196
1017 1219
1018 1068
1019 1086
1019 1193
1020 1047
1020 1114
1020 1179
1021 1183
1023 1035
1023 1075
1023 1099
1023 1167
1024 1060
1024 1235
1024 1237
1025 1129
1025 1147
1026 1031
1026 1064
1027 1062
1028 1066
1028 1071
1028 1233
1029 1033
1030 1097
1030 1108
1030 1245
1030 1247
1031 1064
1032 1037
1032 1156
1034 1144
1034 1161
1034 1213
1035 1075
1035 1099
1035 1167
1036 1082
1036 1238
1037 1156
1038 1130
1038 1214
1039 1043
1039 1115
1039 1157
1040 1092
1040 1170
1040 1241
1041 1061
1041 1142
1042 1201
1043 1115
1043 1157
1044 1110
1044 1127
1045 1141
1047 1114
1047 1179
1048 1090
1048 1153
1049 1175
1050 1242
1051 1109
1051 1180
1052 1158
1052 1209
1052 1236
1053 1202
1054 1154
1055 1117
1055 1145
1056 1118
1056 1140
1056 1196
1057 1080
1058 1128
1058 1132
1059 1073
1060 1235
1060 1237
1061 1142
1063 1076
1063 1135
1063 1168
1065 1088
1065 1187
1066 1071
1066 1233
1067 1223
1069 1112
1070 1089
1071 1233
1072 1111
1074 1137
1074 1159
1075 1099
1075 1167
1076 1135
1076 1168
1077 1155
1077 1212
1078 1087
1078 1133
1078 1151
1078 1216
1079 1106
1081 1116
1081 1172
1082 1238
1083 1123
1083 1173
1083 1199
1083 1229
1084 1148
1084 1171
1084 1177
1085 1206
1086 1193
1087 1133
1087 1151
1087 1216
1088 1187
1090 1153
1092 1170
1092 1241
1093 1100
1093 1239
1094 1122
1094 1225
1095 1143
1095 1203
1096 1211
1097 1108
1097 1245
1097 1247
1098 1163
1098 1169
1098 1198
1098 1222
1098 1228
1098 1243
1099 1167
1100 1239
1101 1244
1102 1194
1103 1162
1103 1182
1103 1210
1104 1113
1104 1249
1105 1200
1105 1232
1107 1134
1107 1176
1108 1245
1108 1247
1109 1180
1110 1127
1113 1249
1114 1179
1115 1157
1116 1172
1117 1145
1118 1140
1118 1196
1119 1146
1120 1197
1121 1192
1122 1225
1123 1173
1123 1199
1123 1229
1124 1166
1126 1227
1126 1246
1128 1132
1129 1147
1130 1214
1133 1151
1133 1216
1134 1176
1135 1168
1136 1207
1137 1159
1138 1174
1138 1186
1139 1221
1139 1234
1140 1196
1143 1203
1144 1161
1144 1213
1148 1171
1148 1177
1151 1216
1152 1218
1152 1224
1155 1212
1158 1209
1158 1236
1160 1191
1160 1195
1161 1213
1162 1182
1162 1210
1163 1169
1163 1198
1163 1222
1163 1228
1163 1243
1164 1188
1164 1240
1169 1198
1169 1222
1169 1228
1169 1243
1170 1241
1171 1177
1173 1199
1173 1229
1174 1186
1182 1210
1188 1240
1190 1217
1190 1248
1191 1195
1198 1222
1198 1228
1198 1243
1199 1229
1200 1232
1205 1226
1209 1236
1217 1248
1218 1224
1221 1234
1222 1228
1222 1243
1227 1246
1228 1243
1235 1237
1245 1247
