250 200
0 183
0 209
1 126
2 102
2 130
3 21
3 22
4 233
4 249
5 162
6 231
7 211
8 25
8 160
9 154
9 214
10 62
11 242
12 194
13 119
14 50
15 110
15 237
16 33
17 173
17 244
18 19
18 121
19 121
20 37
21 22
23 197
24 236
25 160
26 100
26 124
27 146
27 184
28 174
29 192
30 217
31 86
32 80
34 161
34 182
35 63
35 106
36 60
36 178
38 88
38 219
39 48
40 171
40 238
41 133
41 230
42 79
42 101
43 175
44 196
45 99
46 65
46 76
47 71
47 82
49 118
49 127
51 215
52 64
53 187
53 204
54 96
55 68
56 78
56 152
57 167
58 145
59 139
59 243
60 178
61 112
63 106
65 76
66 177
66 203
67 72
67 246
69 114
70 73
70 240
71 82
72 246
73 240
74 213
74 224
75 132
77 120
77 168
78 152
79 101
81 108
81 241
83 200
84 172
84 202
85 157
85 239
87 149
87 189
88 219
89 164
89 205
90 226
91 153
91 155
92 94
93 199
95 180
95 234
97 158
97 165
98 138
100 124
102 130
103 163
103 179
104 123
104 151
105 115
105 122
107 147
107 229
108 241
109 206
110 237
111 235
113 136
113 141
115 122
116 142
116 247
117 128
118 127
120 168
123 151
125 134
125 245
129 225
131 156
131 170
133 230
134 245
135 169
136 141
137 166
137 201
139 243
140 212
140 223
142 247
143 216
144 181
146 184
147 229
148 198
149 189
150 176
150 248
153 155
154 214
156 170
157 239
158 165
159 185
161 182
163 179
164 205
166 201
171 238
172 202
173 244
176 248
177 203
180 234
183 209
186 195
186 218
187 204
188 210
190 232
191 220
193 221
195 218
207 208
212 223
213 224
222 227
222 228
227 228
233 249
